[gd_scene load_steps=4 format=3 uid="uid://byej5l577lyav"]

[ext_resource type="Script" path="res://scripts/player.gd" id="1_rfufi"]
[ext_resource type="PackedScene" uid="uid://cflod58mi5860" path="res://assets/knight_base.tscn" id="2_e30l4"]

[sub_resource type="CapsuleShape3D" id="CapsuleShape3D_6o5t6"]
height = 2.29296

[node name="Player" type="CharacterBody3D"]
script = ExtResource("1_rfufi")
movement_speed = 6.0
rotation_speed = 10.0
camera_speed = 3.0

[node name="CollisionShape3D" type="CollisionShape3D" parent="."]
transform = Transform3D(1, 0, 0, 0, 1, 0, 0, 0, 1, 0, 1.14111, 0)
shape = SubResource("CapsuleShape3D_6o5t6")

[node name="Graphics" type="Node3D" parent="."]

[node name="Knight" parent="Graphics" instance=ExtResource("2_e30l4")]

[node name="Skeleton3D" parent="Graphics/Knight/Rig" index="0"]
bones/1/position = Vector3(0, 0.390777, 0)
bones/1/rotation = Quaternion(-1.11123e-10, 0.0431578, 2.57241e-09, 0.999068)
bones/2/rotation = Quaternion(-6.93889e-18, 7.10543e-15, 4.93038e-32, 1)
bones/3/rotation = Quaternion(8.27181e-25, 3.72529e-09, 0, 1)
bones/4/position = Vector3(0.212007, 0.134132, 7.92996e-08)
bones/4/rotation = Quaternion(-0.558823, -0.0615123, -0.646879, 0.515248)
bones/5/rotation = Quaternion(2.00333e-08, -4.12684e-08, -0.489862, 0.8718)
bones/7/rotation = Quaternion(-0.320151, -0.325392, 0.143172, 0.878137)
bones/8/position = Vector3(8.34843e-10, 0.0961252, -0.0575)
bones/8/rotation = Quaternion(0.000407818, 0.000407786, -0.705608, 0.708602)
bones/14/position = Vector3(-0.212007, 0.134132, 8.6814e-08)
bones/14/rotation = Quaternion(-0.617379, 0.0813719, 0.620588, 0.476542)
bones/15/rotation = Quaternion(2.05458e-08, 5.47488e-08, 0.513301, 0.858209)
bones/17/rotation = Quaternion(-0.31841, 0.30032, -0.224785, 0.870571)
bones/18/position = Vector3(-1.5736e-08, 0.0961251, -0.0575)
bones/18/rotation = Quaternion(0.000736364, 0.000867326, 0.706343, 0.707869)
bones/21/rotation = Quaternion(-5.80608e-11, -0.0313417, -1.88012e-09, 0.999509)
bones/24/position = Vector3(0.170945, 0.113587, 1.59941e-08)
bones/24/rotation = Quaternion(0.993604, 0.0835467, 0.0739709, 0.0173288)
bones/25/rotation = Quaternion(0.212245, 6.50946e-08, -1.39958e-07, 0.977217)
bones/26/rotation = Quaternion(-0.526216, -0.209007, 0.046173, 0.822971)
bones/27/rotation = Quaternion(-9.74065e-09, 0.920355, -0.391084, 7.8309e-08)
bones/28/position = Vector3(-0.170945, 0.113587, 1.55755e-08)
bones/28/rotation = Quaternion(0.997028, -0.0297088, 0.0314075, 0.0637715)
bones/29/rotation = Quaternion(0.286153, -6.39088e-08, 1.9807e-07, 0.958184)
bones/30/rotation = Quaternion(-0.565494, 0.114434, -0.00963547, 0.816718)
bones/31/rotation = Quaternion(3.03591e-08, 0.920355, -0.391084, -6.95338e-08)
bones/32/rotation = Quaternion(0.707107, -2.29302e-07, -4.60552e-08, 0.707107)
bones/33/position = Vector3(0.202182, 0.0259903, 0.205181)
bones/33/rotation = Quaternion(-0.707107, -7.05285e-08, -7.05285e-08, 0.707107)
bones/34/rotation = Quaternion(9.65792e-09, 1.77955e-09, 0.985719, -0.168398)
bones/35/position = Vector3(-2.60494e-08, 0.213436, -5.1715e-09)
bones/35/rotation = Quaternion(-1.01273e-07, 0.391084, 0.920355, -3.35091e-08)
bones/36/position = Vector3(8.58988e-09, 0.16565, -2.40963e-09)
bones/37/rotation = Quaternion(1, -2.33136e-09, 1.99777e-07, -1.34211e-15)
bones/39/rotation = Quaternion(0.707107, -3.82385e-08, 1.45009e-07, 0.707107)
bones/40/rotation = Quaternion(-0.707107, -7.05285e-08, -7.05285e-08, 0.707107)
bones/41/rotation = Quaternion(-5.83589e-09, 6.43837e-10, 0.994809, 0.101756)
bones/42/position = Vector3(-1.11482e-08, 0.213436, -2.50942e-15)
bones/42/rotation = Quaternion(-1.05796e-07, 0.391084, 0.920355, -2.58643e-08)
bones/43/position = Vector3(-6.31128e-09, 0.16565, 2.70695e-09)
bones/44/rotation = Quaternion(1, 3.76526e-09, 1.94879e-07, 7.45058e-09)
bones/46/rotation = Quaternion(-0.707107, -7.27951e-08, -7.27951e-08, 0.707107)
bones/47/position = Vector3(0.520841, 0.785058, -0.0576374)
bones/47/rotation = Quaternion(0.794627, -1.11759e-07, 0.607098, -5.96046e-08)
bones/48/rotation = Quaternion(-0.707107, -7.27951e-08, -7.27951e-08, 0.707107)
bones/49/position = Vector3(-0.510844, 0.785058, 0.0597369)
bones/49/rotation = Quaternion(0.758253, 1.52737e-07, -0.651961, 1.11759e-08)

[node name="1H_Sword_Offhand" parent="Graphics/Knight/Rig/Skeleton3D" index="0"]
transform = Transform3D(2.48134e-06, 0.262865, 0.964832, 0.99999, -0.00423338, 0.0011517, 0.00438777, 0.964823, -0.262862, 0.512182, 0.633183, -0.00246107)

[node name="1H_Sword_Offhand" parent="Graphics/Knight/Rig/Skeleton3D/1H_Sword_Offhand" index="0"]
visible = false

[node name="Badge_Shield" parent="Graphics/Knight/Rig/Skeleton3D" index="1"]
transform = Transform3D(2.50376e-06, 0.262865, 0.964832, 0.99999, -0.00423592, 0.00115237, 0.00439039, 0.964823, -0.262862, 0.662585, 0.633363, -0.0434375)

[node name="Rectangle_Shield" parent="Graphics/Knight/Rig/Skeleton3D" index="2"]
transform = Transform3D(2.50376e-06, 0.262865, 0.964832, 0.99999, -0.00423592, 0.00115237, 0.00439039, 0.964823, -0.262862, 0.662585, 0.633363, -0.0434375)

[node name="Round_Shield" parent="Graphics/Knight/Rig/Skeleton3D" index="3"]
transform = Transform3D(2.50376e-06, 0.262865, 0.964832, 0.99999, -0.00423592, 0.00115237, 0.00439039, 0.964823, -0.262862, 0.662585, 0.633363, -0.0434375)

[node name="Spike_Shield" parent="Graphics/Knight/Rig/Skeleton3D" index="4"]
transform = Transform3D(2.50376e-06, 0.262865, 0.964832, 0.99999, -0.00423592, 0.00115237, 0.00439039, 0.964823, -0.262862, 0.662585, 0.633363, -0.0434375)

[node name="1H_Sword" parent="Graphics/Knight/Rig/Skeleton3D" index="5"]
transform = Transform3D(-0.000511264, -0.152137, 0.988359, 0.999997, -0.00215831, 0.000184078, 0.00210576, 0.988356, 0.152138, -0.496134, 0.637449, 0.139169)

[node name="2H_Sword" parent="Graphics/Knight/Rig/Skeleton3D" index="6"]
transform = Transform3D(-0.00051128, -0.152137, 0.988359, 0.999997, -0.00215833, 0.000184091, 0.00210578, 0.988356, 0.152138, -0.496134, 0.637449, 0.139169)

[node name="Knight_Helmet" parent="Graphics/Knight/Rig/Skeleton3D" index="7"]
transform = Transform3D(0.99972, -1.40143e-09, 0.0236466, 1.39341e-09, 1, 3.55686e-10, -0.0236466, -3.22637e-10, 0.99972, 4.69869e-07, 1.201, -1.19779e-07)

[node name="Knight_Cape" parent="Graphics/Knight/Rig/Skeleton3D" index="8"]
transform = Transform3D(0.996275, -5.14962e-09, 0.0862353, 5.13043e-09, 1, 4.44077e-10, -0.0862353, 1.88007e-15, 0.996275, -1.63023e-08, 1.201, -1.40136e-07)

[node name="CameraHolder" type="Node3D" parent="."]
transform = Transform3D(0.707107, -0.5, -0.5, 0, 0.707107, -0.707107, 0.707107, 0.5, 0.5, 0, 0, 0)
top_level = true

[node name="Camera3D" type="Camera3D" parent="CameraHolder"]
unique_name_in_owner = true
transform = Transform3D(-1, 0, -8.74228e-08, 0, 1, 0, 8.74228e-08, 0, -1, 0, 0, -15)
fov = 70.0
size = 12.047

[editable path="Graphics/Knight"]
