[gd_scene load_steps=4 format=3 uid="uid://byej5l577lyav"]

[ext_resource type="Script" uid="uid://d0otngjwb7f14" path="res://scripts/player.gd" id="1_rfufi"]
[ext_resource type="PackedScene" uid="uid://cstlp3ncx213b" path="res://scenes/kngiht.tscn" id="2_4bx15"]

[sub_resource type="CapsuleShape3D" id="CapsuleShape3D_6o5t6"]
height = 2.29296

[node name="Player" type="CharacterBody3D" groups=["Player"]]
collision_mask = 5
script = ExtResource("1_rfufi")
movement_speed = 6.0
rotation_speed = 10.0
camera_speed = 3.0

[node name="CollisionShape3D" type="CollisionShape3D" parent="."]
transform = Transform3D(1, 0, 0, 0, 1, 0, 0, 0, 1, 0, 1.14111, 0)
shape = SubResource("CapsuleShape3D_6o5t6")

[node name="Graphics" type="Node3D" parent="."]

[node name="Kngiht" parent="Graphics" instance=ExtResource("2_4bx15")]

[node name="Skeleton3D" parent="Graphics/Kngiht/Rig" index="0"]
bones/1/position = Vector3(0, 0.382045, 0)
bones/4/rotation = Quaternion(-0.553223, -0.0635237, -0.657714, 0.507268)
bones/5/rotation = Quaternion(3.26137e-08, -6.34116e-08, -0.472979, 0.881074)
bones/7/rotation = Quaternion(-0.316689, -0.327628, 0.133367, 0.880103)
bones/8/rotation = Quaternion(0.0016278, 0.0016278, -0.701105, 0.713055)
bones/14/rotation = Quaternion(-0.612671, 0.0835368, 0.630343, 0.469386)
bones/15/rotation = Quaternion(1.71044e-09, 6.1726e-08, 0.497208, 0.867631)
bones/17/rotation = Quaternion(-0.315171, 0.301613, -0.215015, 0.873765)
bones/18/rotation = Quaternion(0.00416742, 0.00490861, 0.70276, 0.711398)
bones/24/rotation = Quaternion(0.992278, 0.0831225, 0.0763678, 0.0514129)
bones/25/rotation = Quaternion(0.301146, 6.48439e-08, -2.1116e-07, 0.953578)
bones/26/rotation = Quaternion(-0.572426, -0.205745, 0.0603064, 0.791429)
bones/28/rotation = Quaternion(0.994858, -0.0312835, 0.0306809, 0.0913074)
bones/29/rotation = Quaternion(0.357095, -6.21945e-08, 2.48317e-07, 0.934068)
bones/30/rotation = Quaternion(-0.603274, 0.113763, -0.0157409, 0.789221)
bones/47/position = Vector3(0.520841, 0.769723, -0.0576374)
bones/49/position = Vector3(-0.510844, 0.769723, 0.0597369)

[node name="1H_Sword_Offhand" parent="Graphics/Kngiht/Rig/Skeleton3D" index="0"]
transform = Transform3D(2.05421e-06, 0.262864, 0.964832, 0.999846, -0.0168994, 0.00460297, 0.0175155, 0.964684, -0.262823, 0.511904, 0.616912, -0.00373097)

[node name="Badge_Shield" parent="Graphics/Kngiht/Rig/Skeleton3D" index="1"]
transform = Transform3D(2.07663e-06, 0.262864, 0.964832, 0.999846, -0.0169019, 0.00460363, 0.0175181, 0.964684, -0.262823, 0.662307, 0.61763, -0.0447012)

[node name="Rectangle_Shield" parent="Graphics/Kngiht/Rig/Skeleton3D" index="2"]
transform = Transform3D(2.07663e-06, 0.262864, 0.964832, 0.999846, -0.0169019, 0.00460363, 0.0175181, 0.964684, -0.262823, 0.662307, 0.61763, -0.0447012)

[node name="Round_Shield" parent="Graphics/Kngiht/Rig/Skeleton3D" index="3"]
transform = Transform3D(2.07663e-06, 0.262864, 0.964832, 0.999846, -0.0169019, 0.00460363, 0.0175181, 0.964684, -0.262823, 0.662307, 0.61763, -0.0447012)

[node name="Spike_Shield" parent="Graphics/Kngiht/Rig/Skeleton3D" index="4"]
transform = Transform3D(2.07663e-06, 0.262864, 0.964832, 0.999846, -0.0169019, 0.00460363, 0.0175181, 0.964684, -0.262823, 0.662307, 0.61763, -0.0447012)

[node name="1H_Sword" parent="Graphics/Kngiht/Rig/Skeleton3D" index="5"]
transform = Transform3D(-0.00294618, -0.162554, 0.986695, 0.999924, -0.012224, 0.00097088, 0.011904, 0.986623, 0.162578, -0.496414, 0.620845, 0.137868)

[node name="2H_Sword" parent="Graphics/Kngiht/Rig/Skeleton3D" index="6"]
transform = Transform3D(-0.00294619, -0.162554, 0.986695, 0.999924, -0.012224, 0.000970894, 0.011904, 0.986623, 0.162578, -0.496414, 0.620845, 0.137868)

[node name="Knight_Helmet" parent="Graphics/Kngiht/Rig/Skeleton3D" index="7"]
transform = Transform3D(0.99972, -1.40145e-09, 0.0236468, 1.39343e-09, 1, 3.55687e-10, -0.0236468, -3.22638e-10, 0.99972, 4.69869e-07, 1.19227, -1.19779e-07)

[node name="Knight_Cape" parent="Graphics/Kngiht/Rig/Skeleton3D" index="8"]
transform = Transform3D(0.996275, -5.14962e-09, 0.0862354, 5.13044e-09, 1, 4.44078e-10, -0.0862354, 1.46374e-15, 0.996275, -1.63022e-08, 1.19227, -1.40136e-07)

[node name="CameraHolder" type="Node3D" parent="."]
transform = Transform3D(-1, -1.0677e-07, -1.0677e-07, 0, 0.707107, -0.707107, 1.50996e-07, -0.707107, -0.707107, 0, 0, 0)
top_level = true

[node name="Camera3D" type="Camera3D" parent="CameraHolder"]
unique_name_in_owner = true
transform = Transform3D(-1, 0, -8.74228e-08, 0, 1, 0, 8.74228e-08, 0, -1, 0, 1, -17)
fov = 50.0
size = 12.047

[editable path="Graphics/Kngiht"]
