[gd_scene load_steps=4 format=3 uid="uid://byej5l577lyav"]

[ext_resource type="Script" uid="uid://d0otngjwb7f14" path="res://scripts/player.gd" id="1_rfufi"]
[ext_resource type="PackedScene" uid="uid://cstlp3ncx213b" path="res://scenes/kngiht.tscn" id="2_4bx15"]

[sub_resource type="CapsuleShape3D" id="CapsuleShape3D_6o5t6"]
height = 2.29296

[node name="Player" type="CharacterBody3D" groups=["Player"]]
collision_mask = 5
script = ExtResource("1_rfufi")
movement_speed = 6.0
rotation_speed = 10.0
camera_speed = 3.0

[node name="CollisionShape3D" type="CollisionShape3D" parent="."]
transform = Transform3D(1, 0, 0, 0, 1, 0, 0, 0, 1, 0, 1.14111, 0)
shape = SubResource("CapsuleShape3D_6o5t6")

[node name="Graphics" type="Node3D" parent="."]

[node name="Kngiht" parent="Graphics" instance=ExtResource("2_4bx15")]

[node name="Skeleton3D" parent="Graphics/Kngiht/Rig" index="0"]
bones/1/position = Vector3(0, 0.378291, 0)
bones/4/rotation = Quaternion(-0.551874, -0.0626806, -0.656729, 0.510112)
bones/5/rotation = Quaternion(1.24575e-08, -4.88113e-08, -0.476802, 0.879011)
bones/7/rotation = Quaternion(-0.316676, -0.329841, 0.134232, 0.879149)
bones/8/rotation = Quaternion(0.00166309, 0.00166309, -0.700974, 0.713183)
bones/14/rotation = Quaternion(-0.611366, 0.0828029, 0.629623, 0.472175)
bones/15/rotation = Quaternion(2.78413e-08, 4.81132e-08, 0.500849, 0.865535)
bones/17/rotation = Quaternion(-0.315311, 0.303978, -0.215958, 0.872662)
bones/18/rotation = Quaternion(0.00429433, 0.00505809, 0.702626, 0.711528)
bones/24/rotation = Quaternion(0.991542, 0.0831899, 0.0771559, 0.0630154)
bones/25/rotation = Quaternion(0.331594, 5.78817e-08, -2.32636e-07, 0.943422)
bones/26/rotation = Quaternion(-0.588295, -0.204337, 0.0654509, 0.779661)
bones/28/rotation = Quaternion(0.993871, -0.0319134, 0.0304068, 0.10138)
bones/29/rotation = Quaternion(0.383124, -6.09298e-08, 2.67981e-07, 0.923697)
bones/30/rotation = Quaternion(-0.617262, 0.113421, -0.01809, 0.778329)
bones/47/position = Vector3(0.520841, 0.767924, -0.0576374)
bones/49/position = Vector3(-0.510844, 0.767924, 0.0597369)

[node name="1H_Sword_Offhand" parent="Graphics/Kngiht/Rig/Skeleton3D" index="0"]
transform = Transform3D(-8.6362e-07, 0.262865, 0.964832, 0.999839, -0.0172638, 0.00470531, 0.0178939, 0.964678, -0.262822, 0.511831, 0.614647, -0.00350717)

[node name="Badge_Shield" parent="Graphics/Kngiht/Rig/Skeleton3D" index="1"]
transform = Transform3D(-8.41198e-07, 0.262865, 0.964832, 0.999839, -0.0172663, 0.00470598, 0.0178965, 0.964678, -0.262822, 0.662234, 0.615381, -0.0444772)

[node name="Rectangle_Shield" parent="Graphics/Kngiht/Rig/Skeleton3D" index="2"]
transform = Transform3D(-8.41198e-07, 0.262865, 0.964832, 0.999839, -0.0172663, 0.00470598, 0.0178965, 0.964678, -0.262822, 0.662234, 0.615381, -0.0444772)

[node name="Round_Shield" parent="Graphics/Kngiht/Rig/Skeleton3D" index="3"]
transform = Transform3D(-8.41198e-07, 0.262865, 0.964832, 0.999839, -0.0172663, 0.00470598, 0.0178965, 0.964678, -0.262822, 0.662234, 0.615381, -0.0444772)

[node name="Spike_Shield" parent="Graphics/Kngiht/Rig/Skeleton3D" index="4"]
transform = Transform3D(-8.41198e-07, 0.262865, 0.964832, 0.999839, -0.0172663, 0.00470598, 0.0178965, 0.964678, -0.262822, 0.662234, 0.615381, -0.0444772)

[node name="1H_Sword" parent="Graphics/Kngiht/Rig/Skeleton3D" index="5"]
transform = Transform3D(-0.00303585, -0.16294, 0.986631, 0.999919, -0.0125934, 0.000995904, 0.0122632, 0.986555, 0.162964, -0.49631, 0.618615, 0.138089)

[node name="2H_Sword" parent="Graphics/Kngiht/Rig/Skeleton3D" index="6"]
transform = Transform3D(-0.00303587, -0.16294, 0.986631, 0.999919, -0.0125934, 0.000995917, 0.0122632, 0.986555, 0.162964, -0.49631, 0.618615, 0.138089)

[node name="Knight_Helmet" parent="Graphics/Kngiht/Rig/Skeleton3D" index="7"]
transform = Transform3D(0.99972, -1.40145e-09, 0.0236468, 1.39343e-09, 1, 3.55687e-10, -0.0236468, -3.22638e-10, 0.99972, 4.69869e-07, 1.18852, -1.19779e-07)

[node name="Knight_Cape" parent="Graphics/Kngiht/Rig/Skeleton3D" index="8"]
transform = Transform3D(0.996275, -5.14962e-09, 0.0862354, 5.13044e-09, 1, 4.44078e-10, -0.0862354, 1.46374e-15, 0.996275, -1.63022e-08, 1.18852, -1.40136e-07)

[node name="CameraHolder" type="Node3D" parent="."]
transform = Transform3D(0.707107, -0.5, -0.5, 0, 0.707107, -0.707107, 0.707107, 0.5, 0.5, 0, 0, 0)
top_level = true

[node name="Camera3D" type="Camera3D" parent="CameraHolder"]
unique_name_in_owner = true
transform = Transform3D(-1, 0, -8.74228e-08, 0, 1, 0, 8.74228e-08, 0, -1, 0, 0, -15)
fov = 70.0
size = 12.047

[editable path="Graphics/Kngiht"]
