[gd_scene load_steps=4 format=3 uid="uid://byej5l577lyav"]

[ext_resource type="Script" uid="uid://d0otngjwb7f14" path="res://scripts/player.gd" id="1_rfufi"]
[ext_resource type="PackedScene" uid="uid://cstlp3ncx213b" path="res://scenes/kngiht.tscn" id="2_4bx15"]

[sub_resource type="CapsuleShape3D" id="CapsuleShape3D_6o5t6"]
height = 2.29296

[node name="Player" type="CharacterBody3D" groups=["Player"]]
collision_mask = 5
script = ExtResource("1_rfufi")
movement_speed = 6.0
rotation_speed = 10.0
camera_speed = 3.0

[node name="CollisionShape3D" type="CollisionShape3D" parent="."]
transform = Transform3D(1, 0, 0, 0, 1, 0, 0, 0, 1, 0, 1.14111, 0)
shape = SubResource("CapsuleShape3D_6o5t6")

[node name="Graphics" type="Node3D" parent="."]

[node name="Kngiht" parent="Graphics" instance=ExtResource("2_4bx15")]

[node name="Skeleton3D" parent="Graphics/Kngiht/Rig" index="0"]
bones/1/position = Vector3(0, 0.368264, 0)
bones/1/rotation = Quaternion(-1.11123e-10, 0.0431578, 2.57241e-09, 0.999068)
bones/4/rotation = Quaternion(-0.55052, -0.0570295, -0.64076, 0.532073)
bones/5/rotation = Quaternion(3.88273e-08, -3.54422e-08, -0.511398, 0.859344)
bones/7/rotation = Quaternion(-0.320417, -0.338704, 0.147533, 0.872265)
bones/8/rotation = Quaternion(0.00123687, 0.00123687, -0.702552, 0.711631)
bones/14/rotation = Quaternion(-0.609323, 0.0775584, 0.616021, 0.493182)
bones/15/rotation = Quaternion(4.81975e-08, 4.6616e-08, 0.533942, 0.845521)
bones/17/rotation = Quaternion(-0.319536, 0.314622, -0.229707, 0.863797)
bones/18/rotation = Quaternion(0.00381894, 0.00449816, 0.703125, 0.711042)
bones/21/rotation = Quaternion(-5.80608e-11, -0.0313417, -1.88012e-09, 0.999509)
bones/24/rotation = Quaternion(0.98935, 0.0838184, 0.0788919, 0.0890948)
bones/25/rotation = Quaternion(0.400425, 5.62843e-08, -2.71362e-07, 0.91633)
bones/26/rotation = Quaternion(-0.624352, -0.200486, 0.0777503, 0.750963)
bones/27/rotation = Quaternion(-9.74065e-09, 0.920355, -0.391084, 7.8309e-08)
bones/28/rotation = Quaternion(0.991162, -0.0335157, 0.0297454, 0.124861)
bones/29/rotation = Quaternion(0.444001, -5.87508e-08, 3.12238e-07, 0.896026)
bones/30/rotation = Quaternion(-0.650146, 0.112372, -0.0238416, 0.751075)
bones/31/rotation = Quaternion(3.03591e-08, 0.920355, -0.391084, -6.95338e-08)
bones/32/rotation = Quaternion(0.707107, -2.29302e-07, -4.60552e-08, 0.707107)
bones/33/rotation = Quaternion(-0.707107, -7.05285e-08, -7.05285e-08, 0.707107)
bones/34/rotation = Quaternion(9.65792e-09, 1.77955e-09, 0.985719, -0.168398)
bones/35/position = Vector3(-2.60494e-08, 0.213436, -5.1715e-09)
bones/35/rotation = Quaternion(-1.01273e-07, 0.391084, 0.920355, -3.35091e-08)
bones/39/rotation = Quaternion(0.707107, -3.82385e-08, 1.45009e-07, 0.707107)
bones/40/rotation = Quaternion(-0.707107, -7.05285e-08, -7.05285e-08, 0.707107)
bones/41/rotation = Quaternion(-5.83589e-09, 6.43837e-10, 0.994809, 0.101756)
bones/42/rotation = Quaternion(-1.05796e-07, 0.391084, 0.920355, -2.58643e-08)
bones/46/rotation = Quaternion(-0.707107, -7.27951e-08, -7.27951e-08, 0.707107)
bones/47/position = Vector3(0.520841, 0.771409, -0.0576374)
bones/47/rotation = Quaternion(0.794627, -1.2666e-07, 0.607098, -5.96046e-08)
bones/48/rotation = Quaternion(-0.707107, -7.27951e-08, -7.27951e-08, 0.707107)
bones/49/position = Vector3(-0.510844, 0.771409, 0.0597369)
bones/49/rotation = Quaternion(0.758253, 1.82539e-07, -0.651961, 1.11759e-08)

[node name="1H_Sword_Offhand" parent="Graphics/Kngiht/Rig/Skeleton3D" index="0"]
transform = Transform3D(-1.9237e-07, 0.262864, 0.964832, 0.999911, -0.0128387, 0.00349899, 0.0133073, 0.964747, -0.26284, 0.511753, 0.619714, -0.0012241)

[node name="Badge_Shield" parent="Graphics/Kngiht/Rig/Skeleton3D" index="1"]
transform = Transform3D(-1.69949e-07, 0.262864, 0.964832, 0.999911, -0.0128413, 0.00349966, 0.0133099, 0.964747, -0.26284, 0.662156, 0.620259, -0.042197)

[node name="Rectangle_Shield" parent="Graphics/Kngiht/Rig/Skeleton3D" index="2"]
transform = Transform3D(-1.69949e-07, 0.262864, 0.964832, 0.999911, -0.0128413, 0.00349966, 0.0133099, 0.964747, -0.26284, 0.662156, 0.620259, -0.042197)

[node name="Round_Shield" parent="Graphics/Kngiht/Rig/Skeleton3D" index="3"]
transform = Transform3D(-1.69949e-07, 0.262864, 0.964832, 0.999911, -0.0128413, 0.00349966, 0.0133099, 0.964747, -0.26284, 0.662156, 0.620259, -0.042197)

[node name="Spike_Shield" parent="Graphics/Kngiht/Rig/Skeleton3D" index="4"]
transform = Transform3D(-1.69949e-07, 0.262864, 0.964832, 0.999911, -0.0128413, 0.00349966, 0.0133099, 0.964747, -0.26284, 0.662156, 0.620259, -0.042197)

[node name="1H_Sword" parent="Graphics/Kngiht/Rig/Skeleton3D" index="5"]
transform = Transform3D(-0.00269288, -0.161499, 0.986869, 0.999936, -0.0111998, 0.000894793, 0.0109086, 0.986809, 0.161518, -0.495739, 0.62406, 0.140362)

[node name="2H_Sword" parent="Graphics/Kngiht/Rig/Skeleton3D" index="6"]
transform = Transform3D(-0.0026929, -0.161499, 0.986869, 0.999936, -0.0111998, 0.000894807, 0.0109086, 0.986809, 0.161518, -0.495739, 0.62406, 0.140362)

[node name="Knight_Helmet" parent="Graphics/Kngiht/Rig/Skeleton3D" index="7"]
transform = Transform3D(0.99972, -1.40145e-09, 0.0236468, 1.39343e-09, 1, 3.55687e-10, -0.0236468, -3.22638e-10, 0.99972, 4.69869e-07, 1.17849, -1.19779e-07)

[node name="Knight_Cape" parent="Graphics/Kngiht/Rig/Skeleton3D" index="8"]
transform = Transform3D(0.996275, -5.14962e-09, 0.0862354, 5.13044e-09, 1, 4.44078e-10, -0.0862354, 1.46374e-15, 0.996275, -1.63022e-08, 1.17849, -1.40136e-07)

[node name="CameraHolder" type="Node3D" parent="."]
transform = Transform3D(-1, -6.18173e-08, -6.18173e-08, 0, 0.707107, -0.707107, 8.74228e-08, -0.707107, -0.707107, 0, 0, 0)
top_level = true

[node name="Camera3D" type="Camera3D" parent="CameraHolder"]
unique_name_in_owner = true
transform = Transform3D(-1, 0, -8.74228e-08, 0, 1, 0, 8.74228e-08, 0, -1, 0, 1, -17)
fov = 50.0
size = 12.047

[editable path="Graphics/Kngiht"]
