[gd_scene load_steps=4 format=3 uid="uid://byej5l577lyav"]

[ext_resource type="Script" uid="uid://d0otngjwb7f14" path="res://scripts/player.gd" id="1_rfufi"]
[ext_resource type="PackedScene" uid="uid://cstlp3ncx213b" path="res://scenes/kngiht.tscn" id="2_4bx15"]

[sub_resource type="CapsuleShape3D" id="CapsuleShape3D_6o5t6"]
height = 2.29296

[node name="Player" type="CharacterBody3D" groups=["Player"]]
collision_mask = 5
script = ExtResource("1_rfufi")
movement_speed = 6.0
rotation_speed = 10.0
camera_speed = 3.0

[node name="CollisionShape3D" type="CollisionShape3D" parent="."]
transform = Transform3D(1, 0, 0, 0, 1, 0, 0, 0, 1, 0, 1.14111, 0)
shape = SubResource("CapsuleShape3D_6o5t6")

[node name="Graphics" type="Node3D" parent="."]

[node name="Kngiht" parent="Graphics" instance=ExtResource("2_4bx15")]

[node name="Skeleton3D" parent="Graphics/Kngiht/Rig" index="0"]
bones/1/position = Vector3(0, 0.377786, 0)
bones/1/rotation = Quaternion(-1.11123e-10, 0.0431578, 2.57241e-09, 0.999068)
bones/4/rotation = Quaternion(-0.555018, -0.0575989, -0.638231, 0.530376)
bones/5/rotation = Quaternion(1.85098e-08, -8.80328e-08, -0.511664, 0.859186)
bones/7/rotation = Quaternion(-0.321851, -0.334135, 0.150029, 0.873073)
bones/8/rotation = Quaternion(0.000502527, 0.000502516, -0.70526, 0.708948)
bones/14/rotation = Quaternion(-0.613405, 0.0778858, 0.613474, 0.491241)
bones/15/rotation = Quaternion(4.59256e-09, 5.82664e-08, 0.534196, 0.84536)
bones/17/rotation = Quaternion(-0.32062, 0.310152, -0.232055, 0.864384)
bones/18/rotation = Quaternion(0.00161808, 0.00190585, 0.705426, 0.70878)
bones/21/rotation = Quaternion(-5.80608e-11, -0.0313417, -1.88012e-09, 0.999509)
bones/24/rotation = Quaternion(0.991436, 0.0832036, 0.0772571, 0.0645162)
bones/25/rotation = Quaternion(0.335528, 5.68917e-08, -2.37345e-07, 0.94203)
bones/26/rotation = Quaternion(-0.590345, -0.204145, 0.0661239, 0.778104)
bones/27/rotation = Quaternion(-9.74065e-09, 0.920355, -0.391084, 7.8309e-08)
bones/28/rotation = Quaternion(0.993734, -0.031997, 0.0303707, 0.102695)
bones/29/rotation = Quaternion(0.386516, -6.09318e-08, 2.70477e-07, 0.922283)
bones/30/rotation = Quaternion(-0.619081, 0.113373, -0.0183993, 0.776883)
bones/31/rotation = Quaternion(3.03591e-08, 0.920355, -0.391084, -6.95338e-08)
bones/32/rotation = Quaternion(0.707107, -2.29302e-07, -4.60552e-08, 0.707107)
bones/33/rotation = Quaternion(-0.707107, -7.05285e-08, -7.05285e-08, 0.707107)
bones/34/rotation = Quaternion(9.65792e-09, 1.77955e-09, 0.985719, -0.168398)
bones/35/position = Vector3(-2.60494e-08, 0.213436, -5.1715e-09)
bones/35/rotation = Quaternion(-1.01273e-07, 0.391084, 0.920355, -3.35091e-08)
bones/39/rotation = Quaternion(0.707107, -3.82385e-08, 1.45009e-07, 0.707107)
bones/40/rotation = Quaternion(-0.707107, -7.05285e-08, -7.05285e-08, 0.707107)
bones/41/rotation = Quaternion(-5.83589e-09, 6.43837e-10, 0.994809, 0.101756)
bones/42/rotation = Quaternion(-1.05796e-07, 0.391084, 0.920355, -2.58643e-08)
bones/46/rotation = Quaternion(-0.707107, -7.27951e-08, -7.27951e-08, 0.707107)
bones/47/position = Vector3(0.520841, 0.781161, -0.0576374)
bones/47/rotation = Quaternion(0.794627, -1.2666e-07, 0.607098, -5.96046e-08)
bones/48/rotation = Quaternion(-0.707107, -7.27951e-08, -7.27951e-08, 0.707107)
bones/49/position = Vector3(-0.510844, 0.781161, 0.0597369)
bones/49/rotation = Quaternion(0.758253, 1.82539e-07, -0.651961, 1.11759e-08)

[node name="1H_Sword_Offhand" parent="Graphics/Kngiht/Rig/Skeleton3D" index="0"]
transform = Transform3D(5.80162e-07, 0.262864, 0.964833, 0.999985, -0.00521722, 0.00142169, 0.00540775, 0.964818, -0.262859, 0.511995, 0.629726, -0.00108846)

[node name="Badge_Shield" parent="Graphics/Kngiht/Rig/Skeleton3D" index="1"]
transform = Transform3D(6.02581e-07, 0.262863, 0.964833, 0.999985, -0.00521975, 0.00142236, 0.00541037, 0.964818, -0.262859, 0.662398, 0.629947, -0.0420643)

[node name="Rectangle_Shield" parent="Graphics/Kngiht/Rig/Skeleton3D" index="2"]
transform = Transform3D(6.02581e-07, 0.262863, 0.964833, 0.999985, -0.00521975, 0.00142236, 0.00541037, 0.964818, -0.262859, 0.662398, 0.629947, -0.0420643)

[node name="Round_Shield" parent="Graphics/Kngiht/Rig/Skeleton3D" index="3"]
transform = Transform3D(6.02581e-07, 0.262863, 0.964833, 0.999985, -0.00521975, 0.00142236, 0.00541037, 0.964818, -0.262859, 0.662398, 0.629947, -0.0420643)

[node name="Spike_Shield" parent="Graphics/Kngiht/Rig/Skeleton3D" index="4"]
transform = Transform3D(6.02581e-07, 0.262863, 0.964833, 0.999985, -0.00521975, 0.00142236, 0.00541037, 0.964818, -0.262859, 0.662398, 0.629947, -0.0420643)

[node name="1H_Sword" parent="Graphics/Kngiht/Rig/Skeleton3D" index="5"]
transform = Transform3D(-0.00112522, -0.154816, 0.987942, 0.999988, -0.0047433, 0.000394751, 0.00462523, 0.987931, 0.154819, -0.495747, 0.634174, 0.140524)

[node name="2H_Sword" parent="Graphics/Kngiht/Rig/Skeleton3D" index="6"]
transform = Transform3D(-0.00112524, -0.154816, 0.987942, 0.999988, -0.00474332, 0.000394765, 0.00462524, 0.987931, 0.154819, -0.495747, 0.634174, 0.140524)

[node name="Knight_Helmet" parent="Graphics/Kngiht/Rig/Skeleton3D" index="7"]
transform = Transform3D(0.99972, -1.40145e-09, 0.0236468, 1.39343e-09, 1, 3.55687e-10, -0.0236468, -3.22638e-10, 0.99972, 4.69869e-07, 1.18802, -1.19779e-07)

[node name="Knight_Cape" parent="Graphics/Kngiht/Rig/Skeleton3D" index="8"]
transform = Transform3D(0.996275, -5.14962e-09, 0.0862354, 5.13044e-09, 1, 4.44078e-10, -0.0862354, 1.46374e-15, 0.996275, -1.63022e-08, 1.18801, -1.40136e-07)

[node name="CameraHolder" type="Node3D" parent="."]
transform = Transform3D(-1, -6.18173e-08, -6.18173e-08, 0, 0.707107, -0.707107, 8.74228e-08, -0.707107, -0.707107, 0, 0, 0)
top_level = true

[node name="Camera3D" type="Camera3D" parent="CameraHolder"]
unique_name_in_owner = true
transform = Transform3D(-1, 0, -8.74228e-08, 0, 1, 0, 8.74228e-08, 0, -1, 0, 1, -17)
fov = 50.0
size = 12.047

[editable path="Graphics/Kngiht"]
