[gd_scene load_steps=4 format=3 uid="uid://byej5l577lyav"]

[ext_resource type="Script" uid="uid://d0otngjwb7f14" path="res://scripts/player.gd" id="1_rfufi"]
[ext_resource type="PackedScene" uid="uid://cstlp3ncx213b" path="res://scenes/kngiht.tscn" id="2_4bx15"]

[sub_resource type="CapsuleShape3D" id="CapsuleShape3D_6o5t6"]
height = 2.29296

[node name="Player" type="CharacterBody3D" groups=["Player"]]
collision_mask = 5
script = ExtResource("1_rfufi")
movement_speed = 6.0
rotation_speed = 10.0
camera_speed = 3.0

[node name="CollisionShape3D" type="CollisionShape3D" parent="."]
transform = Transform3D(1, 0, 0, 0, 1, 0, 0, 0, 1, 0, 1.14111, 0)
shape = SubResource("CapsuleShape3D_6o5t6")

[node name="Graphics" type="Node3D" parent="."]

[node name="Kngiht" parent="Graphics" instance=ExtResource("2_4bx15")]

[node name="Skeleton3D" parent="Graphics/Kngiht/Rig" index="0"]
bones/1/position = Vector3(0, 0.370491, 0)
bones/1/rotation = Quaternion(-1.11123e-10, 0.0431578, 2.57241e-09, 0.999068)
bones/4/rotation = Quaternion(-0.552156, -0.0565544, -0.637421, 0.534434)
bones/5/rotation = Quaternion(3.7184e-08, -6.20342e-08, -0.516181, 0.85648)
bones/7/rotation = Quaternion(-0.321618, -0.338086, 0.150325, 0.871586)
bones/8/rotation = Quaternion(0.000883383, 0.000883379, -0.703856, 0.710341)
bones/14/rotation = Quaternion(-0.610684, 0.0770524, 0.613012, 0.495323)
bones/15/rotation = Quaternion(2.37931e-08, 4.56589e-08, 0.538522, 0.842611)
bones/17/rotation = Quaternion(-0.320651, 0.314311, -0.232507, 0.862747)
bones/18/rotation = Quaternion(0.00279243, 0.00328907, 0.7042, 0.709989)
bones/21/rotation = Quaternion(-5.80608e-11, -0.0313417, -1.88012e-09, 0.999509)
bones/24/rotation = Quaternion(0.989853, 0.0836319, 0.0785448, 0.0838349)
bones/25/rotation = Quaternion(0.386491, 5.75583e-08, -2.64284e-07, 0.922293)
bones/26/rotation = Quaternion(-0.617026, -0.201349, 0.0751783, 0.757025)
bones/27/rotation = Quaternion(-9.74065e-09, 0.920355, -0.391084, 7.8309e-08)
bones/28/rotation = Quaternion(0.991764, -0.0331702, 0.0298838, 0.120047)
bones/29/rotation = Quaternion(0.431494, -5.93532e-08, 3.00334e-07, 0.902116)
bones/30/rotation = Quaternion(-0.643355, 0.112618, -0.0226272, 0.756902)
bones/31/rotation = Quaternion(3.03591e-08, 0.920355, -0.391084, -6.95338e-08)
bones/32/rotation = Quaternion(0.707107, -2.29302e-07, -4.60552e-08, 0.707107)
bones/33/rotation = Quaternion(-0.707107, -7.05285e-08, -7.05285e-08, 0.707107)
bones/34/rotation = Quaternion(9.65792e-09, 1.77955e-09, 0.985719, -0.168398)
bones/35/position = Vector3(-2.60494e-08, 0.213436, -5.1715e-09)
bones/35/rotation = Quaternion(-1.01273e-07, 0.391084, 0.920355, -3.35091e-08)
bones/39/rotation = Quaternion(0.707107, -3.82385e-08, 1.45009e-07, 0.707107)
bones/40/rotation = Quaternion(-0.707107, -7.05285e-08, -7.05285e-08, 0.707107)
bones/41/rotation = Quaternion(-5.83589e-09, 6.43837e-10, 0.994809, 0.101756)
bones/42/rotation = Quaternion(-1.05796e-07, 0.391084, 0.920355, -2.58643e-08)
bones/46/rotation = Quaternion(-0.707107, -7.27951e-08, -7.27951e-08, 0.707107)
bones/47/position = Vector3(0.520841, 0.775989, -0.0576374)
bones/47/rotation = Quaternion(0.794627, -1.2666e-07, 0.607098, -5.96046e-08)
bones/48/rotation = Quaternion(-0.707107, -7.27951e-08, -7.27951e-08, 0.707107)
bones/49/position = Vector3(-0.510844, 0.775989, 0.0597369)
bones/49/rotation = Quaternion(0.758253, 1.82539e-07, -0.651961, 1.11759e-08)

[node name="1H_Sword_Offhand" parent="Graphics/Kngiht/Rig/Skeleton3D" index="0"]
transform = Transform3D(9.06591e-07, 0.262864, 0.964832, 0.999954, -0.00917231, 0.00249896, 0.00950696, 0.964789, -0.262852, 0.511848, 0.624323, -0.000860646)

[node name="Badge_Shield" parent="Graphics/Kngiht/Rig/Skeleton3D" index="1"]
transform = Transform3D(9.29011e-07, 0.262864, 0.964832, 0.999954, -0.00917485, 0.00249963, 0.00950958, 0.964789, -0.262852, 0.662251, 0.624712, -0.0418353)

[node name="Rectangle_Shield" parent="Graphics/Kngiht/Rig/Skeleton3D" index="2"]
transform = Transform3D(9.29011e-07, 0.262864, 0.964832, 0.999954, -0.00917485, 0.00249963, 0.00950958, 0.964789, -0.262852, 0.662251, 0.624712, -0.0418353)

[node name="Round_Shield" parent="Graphics/Kngiht/Rig/Skeleton3D" index="3"]
transform = Transform3D(9.29011e-07, 0.262864, 0.964832, 0.999954, -0.00917485, 0.00249963, 0.00950958, 0.964789, -0.262852, 0.662251, 0.624712, -0.0418353)

[node name="Spike_Shield" parent="Graphics/Kngiht/Rig/Skeleton3D" index="4"]
transform = Transform3D(9.29011e-07, 0.262864, 0.964832, 0.999954, -0.00917485, 0.00249963, 0.00950958, 0.964789, -0.262852, 0.662251, 0.624712, -0.0418353)

[node name="1H_Sword" parent="Graphics/Kngiht/Rig/Skeleton3D" index="5"]
transform = Transform3D(-0.00195662, -0.158384, 0.987375, 0.999966, -0.00819029, 0.000666784, 0.00798182, 0.987343, 0.158394, -0.495663, 0.628766, 0.140738)

[node name="2H_Sword" parent="Graphics/Kngiht/Rig/Skeleton3D" index="6"]
transform = Transform3D(-0.00195664, -0.158384, 0.987375, 0.999966, -0.00819031, 0.000666798, 0.00798183, 0.987343, 0.158394, -0.495663, 0.628766, 0.140738)

[node name="Knight_Helmet" parent="Graphics/Kngiht/Rig/Skeleton3D" index="7"]
transform = Transform3D(0.99972, -1.40145e-09, 0.0236468, 1.39343e-09, 1, 3.55687e-10, -0.0236468, -3.22638e-10, 0.99972, 4.69869e-07, 1.18072, -1.19779e-07)

[node name="Knight_Cape" parent="Graphics/Kngiht/Rig/Skeleton3D" index="8"]
transform = Transform3D(0.996275, -5.14962e-09, 0.0862354, 5.13044e-09, 1, 4.44078e-10, -0.0862354, 1.46374e-15, 0.996275, -1.63022e-08, 1.18072, -1.40136e-07)

[node name="CameraHolder" type="Node3D" parent="."]
transform = Transform3D(-1, -1.0677e-07, -1.0677e-07, 0, 0.707107, -0.707107, 1.50996e-07, -0.707107, -0.707107, 0, 0, 0)
top_level = true

[node name="Camera3D" type="Camera3D" parent="CameraHolder"]
unique_name_in_owner = true
transform = Transform3D(-1, 0, -8.74228e-08, 0, 1, 0, 8.74228e-08, 0, -1, 0, 1, -17)
fov = 50.0
size = 12.047

[editable path="Graphics/Kngiht"]
