[gd_scene load_steps=4 format=3 uid="uid://byej5l577lyav"]

[ext_resource type="Script" path="res://scripts/player.gd" id="1_rfufi"]
[ext_resource type="PackedScene" uid="uid://cflod58mi5860" path="res://assets/knight_base.tscn" id="2_e30l4"]

[sub_resource type="CapsuleShape3D" id="CapsuleShape3D_6o5t6"]
height = 2.29296

[node name="Player" type="CharacterBody3D"]
script = ExtResource("1_rfufi")
movement_speed = 6.0
rotation_speed = 10.0
camera_speed = 3.0

[node name="CollisionShape3D" type="CollisionShape3D" parent="."]
transform = Transform3D(1, 0, 0, 0, 1, 0, 0, 0, 1, 0, 1.14111, 0)
shape = SubResource("CapsuleShape3D_6o5t6")

[node name="Graphics" type="Node3D" parent="."]

[node name="Knight" parent="Graphics" instance=ExtResource("2_e30l4")]

[node name="Skeleton3D" parent="Graphics/Knight/Rig" index="0"]
bones/1/position = Vector3(0, 0.39001, 0)
bones/1/rotation = Quaternion(-1.11123e-10, 0.0431578, 2.57241e-09, 0.999068)
bones/2/rotation = Quaternion(-6.93889e-18, 7.10543e-15, 4.93038e-32, 1)
bones/3/rotation = Quaternion(8.27181e-25, 3.72529e-09, -2.75506e-40, 1)
bones/4/position = Vector3(0.212007, 0.134132, 7.92996e-08)
bones/4/rotation = Quaternion(-0.558211, -0.061851, -0.64844, 0.513907)
bones/5/rotation = Quaternion(1.98131e-08, -4.27052e-08, -0.487258, 0.873258)
bones/7/rotation = Quaternion(-0.319664, -0.325467, 0.141788, 0.878511)
bones/8/position = Vector3(8.34843e-10, 0.0961252, -0.0575)
bones/8/rotation = Quaternion(0.000622287, 0.000622255, -0.704819, 0.709387)
bones/14/position = Vector3(-0.212007, 0.134132, 8.6814e-08)
bones/14/rotation = Quaternion(-0.616886, 0.0817188, 0.621974, 0.475312)
bones/15/rotation = Quaternion(2.05587e-08, 5.21163e-08, 0.510816, 0.85969)
bones/17/rotation = Quaternion(-0.317941, 0.300248, -0.223396, 0.871125)
bones/18/position = Vector3(-1.5736e-08, 0.0961251, -0.0575)
bones/18/rotation = Quaternion(0.00114577, 0.00134955, 0.705917, 0.708292)
bones/21/rotation = Quaternion(-5.80608e-11, -0.0313417, -1.88012e-09, 0.999509)
bones/24/position = Vector3(0.170945, 0.113587, 1.59941e-08)
bones/24/rotation = Quaternion(0.993522, 0.0834623, 0.074231, 0.0209323)
bones/25/rotation = Quaternion(0.221607, 6.6257e-08, -1.50143e-07, 0.975136)
bones/26/rotation = Quaternion(-0.53108, -0.208716, 0.0476044, 0.819832)
bones/27/rotation = Quaternion(-9.74065e-09, 0.920355, -0.391084, 7.8309e-08)
bones/28/position = Vector3(-0.170945, 0.113587, 1.55755e-08)
bones/28/rotation = Quaternion(0.996848, -0.0298558, 0.0313369, 0.0664949)
bones/29/rotation = Quaternion(0.293157, -6.33623e-08, 2.03545e-07, 0.956064)
bones/30/rotation = Quaternion(-0.569218, 0.114384, -0.010221, 0.814127)
bones/31/rotation = Quaternion(3.03591e-08, 0.920355, -0.391084, -6.95338e-08)
bones/32/rotation = Quaternion(0.707107, -2.29302e-07, -4.60552e-08, 0.707107)
bones/33/position = Vector3(0.202182, 0.0259903, 0.205181)
bones/33/rotation = Quaternion(-0.707107, -7.05285e-08, -7.05285e-08, 0.707107)
bones/34/rotation = Quaternion(9.65792e-09, 1.77955e-09, 0.985719, -0.168398)
bones/35/position = Vector3(-2.60494e-08, 0.213436, -5.1715e-09)
bones/35/rotation = Quaternion(-1.01273e-07, 0.391084, 0.920355, -3.35091e-08)
bones/36/position = Vector3(8.58988e-09, 0.16565, -2.40963e-09)
bones/37/rotation = Quaternion(1, -2.33136e-09, 1.99777e-07, -1.34211e-15)
bones/39/rotation = Quaternion(0.707107, -3.82385e-08, 1.45009e-07, 0.707107)
bones/40/rotation = Quaternion(-0.707107, -7.05285e-08, -7.05285e-08, 0.707107)
bones/41/rotation = Quaternion(-5.83589e-09, 6.43837e-10, 0.994809, 0.101756)
bones/42/position = Vector3(-1.11482e-08, 0.213436, -2.50942e-15)
bones/42/rotation = Quaternion(-1.05796e-07, 0.391084, 0.920355, -2.58643e-08)
bones/43/position = Vector3(-6.31128e-09, 0.16565, 2.70695e-09)
bones/44/rotation = Quaternion(1, 3.76526e-09, 1.94879e-07, 7.45058e-09)
bones/46/rotation = Quaternion(-0.707107, -7.27951e-08, -7.27951e-08, 0.707107)
bones/47/position = Vector3(0.520841, 0.783248, -0.0576374)
bones/47/rotation = Quaternion(0.794627, -1.11759e-07, 0.607098, -5.96046e-08)
bones/48/rotation = Quaternion(-0.707107, -7.27951e-08, -7.27951e-08, 0.707107)
bones/49/position = Vector3(-0.510844, 0.783248, 0.0597369)
bones/49/rotation = Quaternion(0.758253, 1.52737e-07, -0.651961, 1.11759e-08)

[node name="1H_Sword_Offhand" parent="Graphics/Knight/Rig/Skeleton3D" index="0"]
transform = Transform3D(1.94723e-06, 0.262865, 0.964832, 0.999977, -0.00645959, 0.00175893, 0.0066952, 0.96481, -0.262858, 0.512149, 0.631233, -0.00265119)

[node name="1H_Sword_Offhand" parent="Graphics/Knight/Rig/Skeleton3D/1H_Sword_Offhand" index="0"]
visible = false

[node name="Badge_Shield" parent="Graphics/Knight/Rig/Skeleton3D" index="1"]
transform = Transform3D(1.96965e-06, 0.262864, 0.964832, 0.999977, -0.00646212, 0.0017596, 0.00669783, 0.96481, -0.262858, 0.662553, 0.631507, -0.043627)

[node name="Rectangle_Shield" parent="Graphics/Knight/Rig/Skeleton3D" index="2"]
transform = Transform3D(1.96965e-06, 0.262864, 0.964832, 0.999977, -0.00646212, 0.0017596, 0.00669783, 0.96481, -0.262858, 0.662553, 0.631507, -0.043627)

[node name="Round_Shield" parent="Graphics/Knight/Rig/Skeleton3D" index="3"]
transform = Transform3D(1.96965e-06, 0.262864, 0.964832, 0.999977, -0.00646212, 0.0017596, 0.00669783, 0.96481, -0.262858, 0.662553, 0.631507, -0.043627)

[node name="Spike_Shield" parent="Graphics/Knight/Rig/Skeleton3D" index="4"]
transform = Transform3D(1.96965e-06, 0.262864, 0.964832, 0.999977, -0.00646212, 0.0017596, 0.00669783, 0.96481, -0.262858, 0.662553, 0.631507, -0.043627)

[node name="1H_Sword" parent="Graphics/Knight/Rig/Skeleton3D" index="5"]
transform = Transform3D(-0.000796075, -0.153382, 0.988166, 0.999994, -0.00335887, 0.000283277, 0.00327619, 0.988161, 0.153384, -0.496176, 0.635464, 0.138976)

[node name="2H_Sword" parent="Graphics/Knight/Rig/Skeleton3D" index="6"]
transform = Transform3D(-0.000796091, -0.153382, 0.988166, 0.999994, -0.00335888, 0.00028329, 0.00327621, 0.988161, 0.153384, -0.496176, 0.635464, 0.138976)

[node name="Knight_Helmet" parent="Graphics/Knight/Rig/Skeleton3D" index="7"]
transform = Transform3D(0.99972, -1.40143e-09, 0.0236466, 1.39341e-09, 1, 3.55686e-10, -0.0236466, -3.22637e-10, 0.99972, 4.69869e-07, 1.20024, -1.19779e-07)

[node name="Knight_Cape" parent="Graphics/Knight/Rig/Skeleton3D" index="8"]
transform = Transform3D(0.996275, -5.14962e-09, 0.0862353, 5.13043e-09, 1, 4.44077e-10, -0.0862353, 1.88007e-15, 0.996275, -1.63023e-08, 1.20024, -1.40136e-07)

[node name="CameraHolder" type="Node3D" parent="."]
transform = Transform3D(0.707107, -0.5, -0.5, 0, 0.707107, -0.707107, 0.707107, 0.5, 0.5, 0, 0, 0)
top_level = true

[node name="Camera3D" type="Camera3D" parent="CameraHolder"]
unique_name_in_owner = true
transform = Transform3D(-1, 0, -8.74228e-08, 0, 1, 0, 8.74228e-08, 0, -1, 0, 0, -15)
fov = 70.0
size = 12.047

[editable path="Graphics/Knight"]
