[gd_scene load_steps=4 format=3 uid="uid://byej5l577lyav"]

[ext_resource type="Script" uid="uid://d0otngjwb7f14" path="res://scripts/player.gd" id="1_rfufi"]
[ext_resource type="PackedScene" uid="uid://cstlp3ncx213b" path="res://scenes/kngiht.tscn" id="2_4bx15"]

[sub_resource type="CapsuleShape3D" id="CapsuleShape3D_6o5t6"]
height = 2.29296

[node name="Player" type="CharacterBody3D" groups=["Player"]]
collision_mask = 5
script = ExtResource("1_rfufi")
movement_speed = 6.0
rotation_speed = 10.0
camera_speed = 3.0

[node name="CollisionShape3D" type="CollisionShape3D" parent="."]
transform = Transform3D(1, 0, 0, 0, 1, 0, 0, 0, 1, 0, 1.14111, 0)
shape = SubResource("CapsuleShape3D_6o5t6")

[node name="Graphics" type="Node3D" parent="."]

[node name="Kngiht" parent="Graphics" instance=ExtResource("2_4bx15")]

[node name="Skeleton3D" parent="Graphics/Kngiht/Rig" index="0"]
bones/1/position = Vector3(0, 0.371833, 0)
bones/4/rotation = Quaternion(-0.550636, -0.0595236, -0.648821, 0.521812)
bones/5/rotation = Quaternion(4.432e-08, -4.56836e-08, -0.495102, 0.868835)
bones/7/rotation = Quaternion(-0.318327, -0.33503, 0.141023, 0.87552)
bones/8/rotation = Quaternion(0.00150761, 0.0015076, -0.70155, 0.712617)
bones/14/rotation = Quaternion(-0.609834, 0.0798887, 0.622958, 0.483367)
bones/15/rotation = Quaternion(1.054e-08, 8.75749e-08, 0.518305, 0.855196)
bones/17/rotation = Quaternion(-0.317277, 0.310048, -0.222975, 0.868037)
bones/18/rotation = Quaternion(0.0045359, 0.00534263, 0.702373, 0.711775)
bones/24/rotation = Quaternion(0.990154, 0.0835293, 0.0783255, 0.0805208)
bones/25/rotation = Quaternion(0.377721, 6.26418e-08, -2.59534e-07, 0.92592)
bones/26/rotation = Quaternion(-0.612421, -0.20187, 0.0735804, 0.760773)
bones/28/rotation = Quaternion(0.992129, -0.032958, 0.0299698, 0.117032)
bones/29/rotation = Quaternion(0.423661, -6.05188e-08, 2.95751e-07, 0.905821)
bones/30/rotation = Quaternion(-0.63911, 0.112764, -0.0218753, 0.760489)
bones/47/position = Vector3(0.520841, 0.768323, -0.0576374)
bones/49/position = Vector3(-0.510844, 0.768323, 0.0597369)

[node name="1H_Sword_Offhand" parent="Graphics/Kngiht/Rig/Skeleton3D" index="0"]
transform = Transform3D(-6.40801e-08, 0.262865, 0.964832, 0.999868, -0.01565, 0.00426474, 0.0162211, 0.964705, -0.262829, 0.51175, 0.615908, -0.00231156)

[node name="Badge_Shield" parent="Graphics/Kngiht/Rig/Skeleton3D" index="1"]
transform = Transform3D(-4.1658e-08, 0.262865, 0.964832, 0.999868, -0.0156525, 0.00426541, 0.0162238, 0.964705, -0.262829, 0.662153, 0.616572, -0.0432827)

[node name="Rectangle_Shield" parent="Graphics/Kngiht/Rig/Skeleton3D" index="2"]
transform = Transform3D(-4.1658e-08, 0.262865, 0.964832, 0.999868, -0.0156525, 0.00426541, 0.0162238, 0.964705, -0.262829, 0.662153, 0.616572, -0.0432827)

[node name="Round_Shield" parent="Graphics/Kngiht/Rig/Skeleton3D" index="3"]
transform = Transform3D(-4.1658e-08, 0.262865, 0.964832, 0.999868, -0.0156525, 0.00426541, 0.0162238, 0.964705, -0.262829, 0.662153, 0.616572, -0.0432827)

[node name="Spike_Shield" parent="Graphics/Kngiht/Rig/Skeleton3D" index="4"]
transform = Transform3D(-4.1658e-08, 0.262865, 0.964832, 0.999868, -0.0156525, 0.00426541, 0.0162238, 0.964705, -0.262829, 0.662153, 0.616572, -0.0432827)

[node name="1H_Sword" parent="Graphics/Kngiht/Rig/Skeleton3D" index="5"]
transform = Transform3D(-0.0032121, -0.163671, 0.98651, 0.999911, -0.0133034, 0.00104755, 0.0129529, 0.986425, 0.163699, -0.496032, 0.620033, 0.13927)

[node name="2H_Sword" parent="Graphics/Kngiht/Rig/Skeleton3D" index="6"]
transform = Transform3D(-0.00321211, -0.163671, 0.98651, 0.999911, -0.0133035, 0.00104756, 0.0129529, 0.986425, 0.163699, -0.496032, 0.620033, 0.13927)

[node name="Knight_Helmet" parent="Graphics/Kngiht/Rig/Skeleton3D" index="7"]
transform = Transform3D(0.99972, -1.40145e-09, 0.0236468, 1.39343e-09, 1, 3.55687e-10, -0.0236468, -3.22638e-10, 0.99972, 4.69869e-07, 1.18206, -1.19779e-07)

[node name="Knight_Cape" parent="Graphics/Kngiht/Rig/Skeleton3D" index="8"]
transform = Transform3D(0.996275, -5.14962e-09, 0.0862354, 5.13044e-09, 1, 4.44078e-10, -0.0862354, 1.46374e-15, 0.996275, -1.63022e-08, 1.18206, -1.40136e-07)

[node name="CameraHolder" type="Node3D" parent="."]
transform = Transform3D(-1, -6.18173e-08, -6.18173e-08, 0, 0.707107, -0.707107, 8.74228e-08, -0.707107, -0.707107, 0, 0, 0)
top_level = true

[node name="Camera3D" type="Camera3D" parent="CameraHolder"]
unique_name_in_owner = true
transform = Transform3D(-1, 0, -8.74228e-08, 0, 1, 0, 8.74228e-08, 0, -1, 0, 1, -17)
fov = 50.0
size = 12.047

[editable path="Graphics/Kngiht"]
