[gd_scene load_steps=4 format=3 uid="uid://byej5l577lyav"]

[ext_resource type="Script" uid="uid://d0otngjwb7f14" path="res://scripts/player.gd" id="1_rfufi"]
[ext_resource type="PackedScene" uid="uid://cstlp3ncx213b" path="res://scenes/kngiht.tscn" id="2_4bx15"]

[sub_resource type="CapsuleShape3D" id="CapsuleShape3D_6o5t6"]
height = 2.29296

[node name="Player" type="CharacterBody3D" groups=["Player"]]
collision_mask = 5
script = ExtResource("1_rfufi")
movement_speed = 6.0
rotation_speed = 10.0
camera_speed = 3.0

[node name="CollisionShape3D" type="CollisionShape3D" parent="."]
transform = Transform3D(1, 0, 0, 0, 1, 0, 0, 0, 1, 0, 1.14111, 0)
shape = SubResource("CapsuleShape3D_6o5t6")

[node name="Graphics" type="Node3D" parent="."]

[node name="Kngiht" parent="Graphics" instance=ExtResource("2_4bx15")]

[node name="Skeleton3D" parent="Graphics/Kngiht/Rig" index="0"]
bones/1/position = Vector3(0, 0.386904, 0)
bones/4/rotation = Quaternion(-0.55598, -0.062925, -0.653536, 0.509723)
bones/5/rotation = Quaternion(1.82511e-08, -6.27138e-08, -0.478876, 0.877883)
bones/7/rotation = Quaternion(-0.318089, -0.326017, 0.137204, 0.879606)
bones/8/rotation = Quaternion(0.00128581, 0.00128579, -0.70237, 0.711809)
bones/14/rotation = Quaternion(-0.61505, 0.0828378, 0.626525, 0.471506)
bones/15/rotation = Quaternion(1.37336e-08, 5.1102e-08, 0.502823, 0.864389)
bones/17/rotation = Quaternion(-0.316434, 0.30032, -0.218806, 0.872812)
bones/18/rotation = Quaternion(0.00259403, 0.00305538, 0.704407, 0.709785)
bones/24/rotation = Quaternion(0.993108, 0.083234, 0.0751627, 0.0340364)
bones/25/rotation = Quaternion(0.255735, 6.4509e-08, -1.78443e-07, 0.966747)
bones/26/rotation = Quaternion(-0.548814, -0.207555, 0.0529352, 0.808036)
bones/28/rotation = Quaternion(0.996096, -0.030431, 0.0310668, 0.0768258)
bones/29/rotation = Quaternion(0.319756, -6.29959e-08, 2.22591e-07, 0.9475)
bones/30/rotation = Quaternion(-0.583377, 0.114163, -0.012479, 0.804041)
bones/47/position = Vector3(0.520841, 0.776847, -0.0576374)
bones/49/position = Vector3(-0.510844, 0.776847, 0.0597369)

[node name="1H_Sword_Offhand" parent="Graphics/Kngiht/Rig/Skeleton3D" index="0"]
transform = Transform3D(1.58841e-05, 0.262903, 0.964822, 0.999904, -0.0133485, 0.0036218, 0.0138315, 0.964729, -0.262878, 0.512038, 0.62438, -0.00326697)

[node name="Badge_Shield" parent="Graphics/Kngiht/Rig/Skeleton3D" index="1"]
transform = Transform3D(1.59067e-05, 0.262903, 0.964822, 0.999904, -0.013351, 0.00362246, 0.0138341, 0.964729, -0.262877, 0.66244, 0.624944, -0.0442457)

[node name="Rectangle_Shield" parent="Graphics/Kngiht/Rig/Skeleton3D" index="2"]
transform = Transform3D(1.59067e-05, 0.262903, 0.964822, 0.999904, -0.013351, 0.00362246, 0.0138341, 0.964729, -0.262877, 0.66244, 0.624944, -0.0442457)

[node name="Round_Shield" parent="Graphics/Kngiht/Rig/Skeleton3D" index="3"]
transform = Transform3D(1.59067e-05, 0.262903, 0.964822, 0.999904, -0.013351, 0.00362246, 0.0138341, 0.964729, -0.262877, 0.66244, 0.624944, -0.0442457)

[node name="Spike_Shield" parent="Graphics/Kngiht/Rig/Skeleton3D" index="4"]
transform = Transform3D(1.59067e-05, 0.262903, 0.964822, 0.999904, -0.013351, 0.00362246, 0.0138341, 0.964729, -0.262877, 0.66244, 0.624944, -0.0442457)

[node name="1H_Sword" parent="Graphics/Kngiht/Rig/Skeleton3D" index="5"]
transform = Transform3D(-0.00181668, -0.157784, 0.987471, 0.99997, -0.00760636, 0.000623275, 0.00741318, 0.987444, 0.157793, -0.496317, 0.628483, 0.138346)

[node name="2H_Sword" parent="Graphics/Kngiht/Rig/Skeleton3D" index="6"]
transform = Transform3D(-0.0018167, -0.157784, 0.987471, 0.99997, -0.00760638, 0.000623288, 0.00741319, 0.987444, 0.157793, -0.496317, 0.628483, 0.138346)

[node name="Knight_Helmet" parent="Graphics/Kngiht/Rig/Skeleton3D" index="7"]
transform = Transform3D(0.99972, -1.40145e-09, 0.0236468, 1.39343e-09, 1, 3.55687e-10, -0.0236468, -3.22638e-10, 0.99972, 4.69869e-07, 1.19713, -1.19779e-07)

[node name="Knight_Cape" parent="Graphics/Kngiht/Rig/Skeleton3D" index="8"]
transform = Transform3D(0.996275, -5.14962e-09, 0.0862354, 5.13044e-09, 1, 4.44078e-10, -0.0862354, 1.46374e-15, 0.996275, -1.63022e-08, 1.19713, -1.40136e-07)

[node name="CameraHolder" type="Node3D" parent="."]
transform = Transform3D(-1, -1.0677e-07, -1.0677e-07, 0, 0.707107, -0.707107, 1.50996e-07, -0.707107, -0.707107, 0, 0, 0)
top_level = true

[node name="Camera3D" type="Camera3D" parent="CameraHolder"]
unique_name_in_owner = true
transform = Transform3D(-1, 0, -8.74228e-08, 0, 1, 0, 8.74228e-08, 0, -1, 0, 1, -17)
fov = 50.0
size = 12.047

[editable path="Graphics/Kngiht"]
