[gd_scene load_steps=4 format=3 uid="uid://byej5l577lyav"]

[ext_resource type="Script" path="res://scripts/player.gd" id="1_rfufi"]
[ext_resource type="PackedScene" uid="uid://cflod58mi5860" path="res://assets/knight_base.tscn" id="2_e30l4"]

[sub_resource type="CapsuleShape3D" id="CapsuleShape3D_6o5t6"]
height = 2.29296

[node name="Player" type="CharacterBody3D"]
script = ExtResource("1_rfufi")
movement_speed = 6.0
rotation_speed = 10.0
camera_speed = 3.0

[node name="CollisionShape3D" type="CollisionShape3D" parent="."]
transform = Transform3D(1, 0, 0, 0, 1, 0, 0, 0, 1, 0, 1.14111, 0)
shape = SubResource("CapsuleShape3D_6o5t6")

[node name="Graphics" type="Node3D" parent="."]

[node name="Knight" parent="Graphics" instance=ExtResource("2_e30l4")]

[node name="Skeleton3D" parent="Graphics/Knight/Rig" index="0"]
bones/1/position = Vector3(0, 0.368746, 0)
bones/1/rotation = Quaternion(-1.11123e-10, 0.0431578, 2.57241e-09, 0.999068)
bones/2/rotation = Quaternion(-6.93889e-18, 7.10543e-15, 4.93038e-32, 1)
bones/3/rotation = Quaternion(8.27181e-25, 3.72529e-09, 0, 1)
bones/4/position = Vector3(0.212007, 0.134132, 7.92996e-08)
bones/4/rotation = Quaternion(-0.550398, -0.0575106, -0.642539, 0.529998)
bones/5/rotation = Quaternion(2.53827e-08, -5.25008e-08, -0.508036, 0.861336)
bones/7/rotation = Quaternion(-0.319915, -0.338089, 0.146116, 0.872926)
bones/8/position = Vector3(8.34843e-10, 0.0961252, -0.0575)
bones/8/rotation = Quaternion(0.00131637, 0.00131636, -0.702257, 0.711921)
bones/14/position = Vector3(-0.212007, 0.134132, 8.6814e-08)
bones/14/rotation = Quaternion(-0.6093, 0.0780068, 0.617562, 0.491209)
bones/15/rotation = Quaternion(3.57449e-08, 4.24047e-08, 0.530724, 0.847545)
bones/17/rotation = Quaternion(-0.31901, 0.313815, -0.228252, 0.86467)
bones/18/position = Vector3(-1.5736e-08, 0.0961251, -0.0575)
bones/18/rotation = Quaternion(0.00403594, 0.00475375, 0.702898, 0.711264)
bones/21/rotation = Quaternion(-5.80608e-11, -0.0313417, -1.88012e-09, 0.999509)
bones/24/position = Vector3(0.170945, 0.113587, 1.59941e-08)
bones/24/rotation = Quaternion(0.989421, 0.0837909, 0.0788439, 0.0883658)
bones/25/rotation = Quaternion(0.398493, 5.87442e-08, -2.68281e-07, 0.917172)
bones/26/rotation = Quaternion(-0.623335, -0.200609, 0.0773913, 0.751811)
bones/27/rotation = Quaternion(-9.74065e-09, 0.920355, -0.391084, 7.8309e-08)
bones/28/position = Vector3(-0.170945, 0.113587, 1.55755e-08)
bones/28/rotation = Quaternion(0.991247, -0.0334672, 0.0297647, 0.124192)
bones/29/rotation = Quaternion(0.442263, -5.80764e-08, 3.09931e-07, 0.896886)
bones/30/rotation = Quaternion(-0.649201, 0.112407, -0.0236718, 0.751892)
bones/31/rotation = Quaternion(3.03591e-08, 0.920355, -0.391084, -6.95338e-08)
bones/32/rotation = Quaternion(0.707107, -2.29302e-07, -4.60552e-08, 0.707107)
bones/33/position = Vector3(0.202182, 0.0259903, 0.205181)
bones/33/rotation = Quaternion(-0.707107, -7.05285e-08, -7.05285e-08, 0.707107)
bones/34/rotation = Quaternion(9.65792e-09, 1.77955e-09, 0.985719, -0.168398)
bones/35/position = Vector3(-2.60494e-08, 0.213436, -5.1715e-09)
bones/35/rotation = Quaternion(-1.01273e-07, 0.391084, 0.920355, -3.35091e-08)
bones/36/position = Vector3(8.58988e-09, 0.16565, -2.40963e-09)
bones/37/rotation = Quaternion(1, -2.33136e-09, 1.99777e-07, -1.34211e-15)
bones/39/rotation = Quaternion(0.707107, -3.82385e-08, 1.45009e-07, 0.707107)
bones/40/rotation = Quaternion(-0.707107, -7.05285e-08, -7.05285e-08, 0.707107)
bones/41/rotation = Quaternion(-5.83589e-09, 6.43837e-10, 0.994809, 0.101756)
bones/42/position = Vector3(-1.11482e-08, 0.213436, -2.50942e-15)
bones/42/rotation = Quaternion(-1.05796e-07, 0.391084, 0.920355, -2.58643e-08)
bones/43/position = Vector3(-6.31128e-09, 0.16565, 2.70695e-09)
bones/44/rotation = Quaternion(1, 3.76526e-09, 1.94879e-07, 7.45058e-09)
bones/46/rotation = Quaternion(-0.707107, -7.27951e-08, -7.27951e-08, 0.707107)
bones/47/position = Vector3(0.520841, 0.770444, -0.0576374)
bones/47/rotation = Quaternion(0.794627, -1.11759e-07, 0.607098, -5.96046e-08)
bones/48/rotation = Quaternion(-0.707107, -7.27951e-08, -7.27951e-08, 0.707107)
bones/49/position = Vector3(-0.510844, 0.770444, 0.0597369)
bones/49/rotation = Quaternion(0.758253, 1.52737e-07, -0.651961, 1.11759e-08)

[node name="1H_Sword_Offhand" parent="Graphics/Knight/Rig/Skeleton3D" index="0"]
transform = Transform3D(6.16489e-08, 0.262865, 0.964832, 0.999899, -0.0136638, 0.00372291, 0.0141622, 0.964735, -0.262839, 0.511744, 0.618629, -0.00145257)

[node name="1H_Sword_Offhand" parent="Graphics/Knight/Rig/Skeleton3D/1H_Sword_Offhand" index="0"]
visible = false

[node name="Badge_Shield" parent="Graphics/Knight/Rig/Skeleton3D" index="1"]
transform = Transform3D(8.4071e-08, 0.262865, 0.964832, 0.999899, -0.0136664, 0.00372357, 0.0141649, 0.964735, -0.262839, 0.662147, 0.619209, -0.0424253)

[node name="Rectangle_Shield" parent="Graphics/Knight/Rig/Skeleton3D" index="2"]
transform = Transform3D(8.4071e-08, 0.262865, 0.964832, 0.999899, -0.0136664, 0.00372357, 0.0141649, 0.964735, -0.262839, 0.662147, 0.619209, -0.0424253)

[node name="Round_Shield" parent="Graphics/Knight/Rig/Skeleton3D" index="3"]
transform = Transform3D(8.4071e-08, 0.262865, 0.964832, 0.999899, -0.0136664, 0.00372357, 0.0141649, 0.964735, -0.262839, 0.662147, 0.619209, -0.0424253)

[node name="Spike_Shield" parent="Graphics/Knight/Rig/Skeleton3D" index="4"]
transform = Transform3D(8.4071e-08, 0.262865, 0.964832, 0.999899, -0.0136664, 0.00372357, 0.0141649, 0.964735, -0.262839, 0.662147, 0.619209, -0.0424253)

[node name="1H_Sword" parent="Graphics/Knight/Rig/Skeleton3D" index="5"]
transform = Transform3D(-0.00284924, -0.162158, 0.98676, 0.999929, -0.0118354, 0.000942005, 0.0115263, 0.986693, 0.16218, -0.495797, 0.622929, 0.140131)

[node name="2H_Sword" parent="Graphics/Knight/Rig/Skeleton3D" index="6"]
transform = Transform3D(-0.00284926, -0.162158, 0.98676, 0.999929, -0.0118354, 0.000942019, 0.0115263, 0.986693, 0.16218, -0.495797, 0.622929, 0.140131)

[node name="Knight_Helmet" parent="Graphics/Knight/Rig/Skeleton3D" index="7"]
transform = Transform3D(0.99972, -1.40143e-09, 0.0236466, 1.39341e-09, 1, 3.55686e-10, -0.0236466, -3.22637e-10, 0.99972, 4.69869e-07, 1.17897, -1.19779e-07)

[node name="Knight_Cape" parent="Graphics/Knight/Rig/Skeleton3D" index="8"]
transform = Transform3D(0.996275, -5.14962e-09, 0.0862353, 5.13043e-09, 1, 4.44077e-10, -0.0862353, 1.88007e-15, 0.996275, -1.63023e-08, 1.17897, -1.40136e-07)

[node name="CameraHolder" type="Node3D" parent="."]
transform = Transform3D(0.707107, -0.5, -0.5, 0, 0.707107, -0.707107, 0.707107, 0.5, 0.5, 0, 0, 0)
top_level = true

[node name="Camera3D" type="Camera3D" parent="CameraHolder"]
unique_name_in_owner = true
transform = Transform3D(-1, 0, -8.74228e-08, 0, 1, 0, 8.74228e-08, 0, -1, 0, 0, -15)
fov = 70.0
size = 12.047

[editable path="Graphics/Knight"]
