[gd_scene load_steps=4 format=3 uid="uid://byej5l577lyav"]

[ext_resource type="Script" uid="uid://d0otngjwb7f14" path="res://scripts/player.gd" id="1_rfufi"]
[ext_resource type="PackedScene" uid="uid://cstlp3ncx213b" path="res://scenes/kngiht.tscn" id="2_4bx15"]

[sub_resource type="CapsuleShape3D" id="CapsuleShape3D_6o5t6"]
height = 2.29296

[node name="Player" type="CharacterBody3D" groups=["Player"]]
collision_mask = 5
script = ExtResource("1_rfufi")
movement_speed = 6.0
rotation_speed = 10.0
camera_speed = 3.0

[node name="CollisionShape3D" type="CollisionShape3D" parent="."]
transform = Transform3D(1, 0, 0, 0, 1, 0, 0, 0, 1, 0, 1.14111, 0)
shape = SubResource("CapsuleShape3D_6o5t6")

[node name="Graphics" type="Node3D" parent="."]

[node name="Kngiht" parent="Graphics" instance=ExtResource("2_4bx15")]

[node name="Skeleton3D" parent="Graphics/Kngiht/Rig" index="0"]
bones/1/position = Vector3(0, 0.389897, 0)
bones/1/rotation = Quaternion(-1.11123e-10, 0.0431578, 2.57241e-09, 0.999068)
bones/4/rotation = Quaternion(-0.558121, -0.061901, -0.64867, 0.513709)
bones/5/rotation = Quaternion(1.97805e-08, -4.29174e-08, -0.486874, 0.873472)
bones/7/rotation = Quaternion(-0.319592, -0.325478, 0.141583, 0.878567)
bones/8/rotation = Quaternion(0.000653968, 0.000653936, -0.704702, 0.709503)
bones/14/rotation = Quaternion(-0.616813, 0.0817701, 0.622179, 0.475131)
bones/15/rotation = Quaternion(2.05606e-08, 5.17274e-08, 0.510448, 0.859909)
bones/17/rotation = Quaternion(-0.317872, 0.300238, -0.223191, 0.871206)
bones/18/rotation = Quaternion(0.00120625, 0.00142079, 0.705854, 0.708355)
bones/21/rotation = Quaternion(-5.80608e-11, -0.0313417, -1.88012e-09, 0.999509)
bones/24/rotation = Quaternion(0.993509, 0.0834497, 0.0742694, 0.0214645)
bones/25/rotation = Quaternion(0.222988, 6.64281e-08, -1.51646e-07, 0.974821)
bones/26/rotation = Quaternion(-0.531797, -0.208673, 0.0478157, 0.819366)
bones/27/rotation = Quaternion(-9.74065e-09, 0.920355, -0.391084, 7.8309e-08)
bones/28/rotation = Quaternion(0.99682, -0.0298775, 0.0313264, 0.0668971)
bones/29/rotation = Quaternion(0.29419, -6.32812e-08, 2.04353e-07, 0.955747)
bones/30/rotation = Quaternion(-0.569766, 0.114377, -0.0103075, 0.813743)
bones/31/rotation = Quaternion(3.03591e-08, 0.920355, -0.391084, -6.95338e-08)
bones/32/rotation = Quaternion(0.707107, -2.29302e-07, -4.60552e-08, 0.707107)
bones/33/rotation = Quaternion(-0.707107, -7.05285e-08, -7.05285e-08, 0.707107)
bones/34/rotation = Quaternion(9.65792e-09, 1.77955e-09, 0.985719, -0.168398)
bones/35/position = Vector3(-2.60494e-08, 0.213436, -5.1715e-09)
bones/35/rotation = Quaternion(-1.01273e-07, 0.391084, 0.920355, -3.35091e-08)
bones/39/rotation = Quaternion(0.707107, -3.82385e-08, 1.45009e-07, 0.707107)
bones/40/rotation = Quaternion(-0.707107, -7.05285e-08, -7.05285e-08, 0.707107)
bones/41/rotation = Quaternion(-5.83589e-09, 6.43837e-10, 0.994809, 0.101756)
bones/42/rotation = Quaternion(-1.05796e-07, 0.391084, 0.920355, -2.58643e-08)
bones/46/rotation = Quaternion(-0.707107, -7.27951e-08, -7.27951e-08, 0.707107)
bones/47/position = Vector3(0.520841, 0.782981, -0.0576374)
bones/47/rotation = Quaternion(0.794627, -1.2666e-07, 0.607098, -5.96046e-08)
bones/48/rotation = Quaternion(-0.707107, -7.27951e-08, -7.27951e-08, 0.707107)
bones/49/position = Vector3(-0.510844, 0.782981, 0.0597369)
bones/49/rotation = Quaternion(0.758253, 1.82539e-07, -0.651961, 1.11759e-08)

[node name="1H_Sword_Offhand" parent="Graphics/Kngiht/Rig/Skeleton3D" index="0"]
transform = Transform3D(1.83465e-06, 0.262864, 0.964832, 0.999974, -0.00678869, 0.00184857, 0.00703624, 0.964808, -0.262857, 0.512144, 0.630945, -0.00267881)

[node name="Badge_Shield" parent="Graphics/Kngiht/Rig/Skeleton3D" index="1"]
transform = Transform3D(1.85707e-06, 0.262864, 0.964833, 0.999974, -0.00679123, 0.00184923, 0.00703886, 0.964808, -0.262856, 0.662547, 0.631234, -0.0436542)

[node name="Rectangle_Shield" parent="Graphics/Kngiht/Rig/Skeleton3D" index="2"]
transform = Transform3D(1.85707e-06, 0.262864, 0.964833, 0.999974, -0.00679123, 0.00184923, 0.00703886, 0.964808, -0.262856, 0.662547, 0.631234, -0.0436542)

[node name="Round_Shield" parent="Graphics/Kngiht/Rig/Skeleton3D" index="3"]
transform = Transform3D(1.85707e-06, 0.262864, 0.964833, 0.999974, -0.00679123, 0.00184923, 0.00703886, 0.964808, -0.262856, 0.662547, 0.631234, -0.0436542)

[node name="Spike_Shield" parent="Graphics/Kngiht/Rig/Skeleton3D" index="4"]
transform = Transform3D(1.85707e-06, 0.262864, 0.964833, 0.999974, -0.00679123, 0.00184923, 0.00703886, 0.964808, -0.262856, 0.662547, 0.631234, -0.0436542)

[node name="1H_Sword" parent="Graphics/Kngiht/Rig/Skeleton3D" index="5"]
transform = Transform3D(-0.000837117, -0.153567, 0.988137, 0.999993, -0.00353717, 0.000296388, 0.00345013, 0.988131, 0.153568, -0.496182, 0.635172, 0.138947)

[node name="2H_Sword" parent="Graphics/Kngiht/Rig/Skeleton3D" index="6"]
transform = Transform3D(-0.000837133, -0.153567, 0.988137, 0.999993, -0.00353719, 0.000296402, 0.00345015, 0.988131, 0.153568, -0.496182, 0.635172, 0.138947)

[node name="Knight_Helmet" parent="Graphics/Kngiht/Rig/Skeleton3D" index="7"]
transform = Transform3D(0.99972, -1.40145e-09, 0.0236468, 1.39343e-09, 1, 3.55687e-10, -0.0236468, -3.22638e-10, 0.99972, 4.69869e-07, 1.20013, -1.19779e-07)

[node name="Knight_Cape" parent="Graphics/Kngiht/Rig/Skeleton3D" index="8"]
transform = Transform3D(0.996275, -5.14962e-09, 0.0862354, 5.13044e-09, 1, 4.44078e-10, -0.0862354, 1.46374e-15, 0.996275, -1.63022e-08, 1.20013, -1.40136e-07)

[node name="CameraHolder" type="Node3D" parent="."]
transform = Transform3D(-1, -6.18173e-08, -6.18173e-08, 0, 0.707107, -0.707107, 8.74228e-08, -0.707107, -0.707107, 0, 0, 0)
top_level = true

[node name="Camera3D" type="Camera3D" parent="CameraHolder"]
unique_name_in_owner = true
transform = Transform3D(-1, 0, -8.74228e-08, 0, 1, 0, 8.74228e-08, 0, -1, 0, 1, -17)
fov = 50.0
size = 12.047

[editable path="Graphics/Kngiht"]
