[gd_scene load_steps=4 format=3 uid="uid://byej5l577lyav"]

[ext_resource type="Script" path="res://scripts/player.gd" id="1_rfufi"]
[ext_resource type="PackedScene" uid="uid://cstlp3ncx213b" path="res://scenes/kngiht.tscn" id="2_4bx15"]

[sub_resource type="CapsuleShape3D" id="CapsuleShape3D_6o5t6"]
height = 2.29296

[node name="Player" type="CharacterBody3D"]
collision_mask = 5
script = ExtResource("1_rfufi")
movement_speed = 6.0
rotation_speed = 10.0
camera_speed = 3.0

[node name="CollisionShape3D" type="CollisionShape3D" parent="."]
transform = Transform3D(1, 0, 0, 0, 1, 0, 0, 0, 1, 0, 1.14111, 0)
shape = SubResource("CapsuleShape3D_6o5t6")

[node name="Graphics" type="Node3D" parent="."]

[node name="Kngiht" parent="Graphics" instance=ExtResource("2_4bx15")]

[node name="Skeleton3D" parent="Graphics/Kngiht/Rig" index="0"]
bones/1/position = Vector3(0, 0.390476, 0)
bones/4/rotation = Quaternion(-0.558583, -0.0616455, -0.647493, 0.514721)
bones/5/rotation = Quaternion(1.99467e-08, -4.18332e-08, -0.488839, 0.872374)
bones/7/rotation = Quaternion(-0.31996, -0.325422, 0.142628, 0.878285)
bones/8/rotation = Quaternion(0.000492116, 0.000492084, -0.705298, 0.708911)
bones/14/rotation = Quaternion(-0.617185, 0.0815084, 0.621133, 0.476059)
bones/15/rotation = Quaternion(2.05509e-08, 5.37141e-08, 0.512325, 0.858792)
bones/17/rotation = Quaternion(-0.318226, 0.300292, -0.224239, 0.870789)
bones/18/rotation = Quaternion(0.000897285, 0.00105687, 0.706176, 0.708035)
bones/24/rotation = Quaternion(0.993573, 0.0835136, 0.0740732, 0.0187452)
bones/25/rotation = Quaternion(0.215927, 6.55522e-08, -1.43963e-07, 0.976409)
bones/26/rotation = Quaternion(-0.52813, -0.208894, 0.0467358, 0.821741)
bones/28/rotation = Quaternion(0.996958, -0.0297666, 0.0313797, 0.064842)
bones/29/rotation = Quaternion(0.288908, -6.36944e-08, 2.00224e-07, 0.957357)
bones/30/rotation = Quaternion(-0.566959, 0.114415, -0.00986565, 0.815702)
bones/47/position = Vector3(0.520841, 0.784346, -0.0576374)
bones/49/position = Vector3(-0.510844, 0.784346, 0.0597369)

[node name="1H_Sword_Offhand" parent="Graphics/Kngiht/Rig/Skeleton3D" index="0"]
transform = Transform3D(3.21697e-06, 0.262867, 0.964832, 0.999986, -0.0051077, 0.00138924, 0.00529361, 0.964818, -0.262862, 0.512169, 0.632417, -0.00253522)

[node name="Badge_Shield" parent="Graphics/Kngiht/Rig/Skeleton3D" index="1"]
transform = Transform3D(3.2394e-06, 0.262866, 0.964832, 0.999986, -0.00511023, 0.00138991, 0.00529623, 0.964818, -0.262862, 0.662572, 0.632633, -0.0435115)

[node name="Rectangle_Shield" parent="Graphics/Kngiht/Rig/Skeleton3D" index="2"]
transform = Transform3D(3.2394e-06, 0.262866, 0.964832, 0.999986, -0.00511023, 0.00138991, 0.00529623, 0.964818, -0.262862, 0.662572, 0.632633, -0.0435115)

[node name="Round_Shield" parent="Graphics/Kngiht/Rig/Skeleton3D" index="3"]
transform = Transform3D(3.2394e-06, 0.262866, 0.964832, 0.999986, -0.00511023, 0.00138991, 0.00529623, 0.964818, -0.262862, 0.662572, 0.632633, -0.0435115)

[node name="Spike_Shield" parent="Graphics/Kngiht/Rig/Skeleton3D" index="4"]
transform = Transform3D(3.2394e-06, 0.262866, 0.964832, 0.999986, -0.00511023, 0.00138991, 0.00529623, 0.964818, -0.262862, 0.662572, 0.632633, -0.0435115)

[node name="1H_Sword" parent="Graphics/Kngiht/Rig/Skeleton3D" index="5"]
transform = Transform3D(-0.000623369, -0.152628, 0.988283, 0.999996, -0.00262982, 0.000223549, 0.00256518, 0.988279, 0.152628, -0.49615, 0.63667, 0.139094)

[node name="2H_Sword" parent="Graphics/Kngiht/Rig/Skeleton3D" index="6"]
transform = Transform3D(-0.000623385, -0.152628, 0.988283, 0.999996, -0.00262983, 0.000223563, 0.0025652, 0.988279, 0.152628, -0.49615, 0.63667, 0.139094)

[node name="Knight_Helmet" parent="Graphics/Kngiht/Rig/Skeleton3D" index="7"]
transform = Transform3D(0.99972, -1.40145e-09, 0.0236468, 1.39343e-09, 1, 3.55687e-10, -0.0236468, -3.22638e-10, 0.99972, 4.69869e-07, 1.2007, -1.19779e-07)

[node name="Knight_Cape" parent="Graphics/Kngiht/Rig/Skeleton3D" index="8"]
transform = Transform3D(0.996275, -5.14962e-09, 0.0862354, 5.13044e-09, 1, 4.44078e-10, -0.0862354, 1.46374e-15, 0.996275, -1.63022e-08, 1.2007, -1.40136e-07)

[node name="CameraHolder" type="Node3D" parent="."]
transform = Transform3D(0.707107, -0.5, -0.5, 0, 0.707107, -0.707107, 0.707107, 0.5, 0.5, 0, 0, 0)
top_level = true

[node name="Camera3D" type="Camera3D" parent="CameraHolder"]
unique_name_in_owner = true
transform = Transform3D(-1, 0, -8.74228e-08, 0, 1, 0, 8.74228e-08, 0, -1, 0, 0, -15)
fov = 70.0
size = 12.047

[editable path="Graphics/Kngiht"]
