[gd_scene load_steps=4 format=3 uid="uid://byej5l577lyav"]

[ext_resource type="Script" path="res://scripts/player.gd" id="1_rfufi"]
[ext_resource type="PackedScene" uid="uid://cstlp3ncx213b" path="res://scenes/kngiht.tscn" id="2_4bx15"]

[sub_resource type="CapsuleShape3D" id="CapsuleShape3D_6o5t6"]
height = 2.29296

[node name="Player" type="CharacterBody3D"]
collision_mask = 5
script = ExtResource("1_rfufi")
movement_speed = 6.0
rotation_speed = 10.0
camera_speed = 3.0

[node name="CollisionShape3D" type="CollisionShape3D" parent="."]
transform = Transform3D(1, 0, 0, 0, 1, 0, 0, 0, 1, 0, 1.14111, 0)
shape = SubResource("CapsuleShape3D_6o5t6")

[node name="Graphics" type="Node3D" parent="."]

[node name="Kngiht" parent="Graphics" instance=ExtResource("2_4bx15")]

[node name="Skeleton3D" parent="Graphics/Kngiht/Rig" index="0"]
bones/1/position = Vector3(0, 0.376193, 0)
bones/1/rotation = Quaternion(-1.11123e-10, 0.0431578, 2.57241e-09, 0.999068)
bones/4/rotation = Quaternion(-0.554423, -0.0573095, -0.637819, 0.531524)
bones/5/rotation = Quaternion(7.49589e-09, -6.49879e-08, -0.513087, 0.858337)
bones/7/rotation = Quaternion(-0.321872, -0.335065, 0.150287, 0.872665)
bones/8/rotation = Quaternion(0.000574124, 0.000574113, -0.704996, 0.709211)
bones/14/rotation = Quaternion(-0.612828, 0.0776461, 0.613167, 0.492381)
bones/15/rotation = Quaternion(2.98372e-08, 5.64824e-08, 0.535559, 0.844498)
bones/17/rotation = Quaternion(-0.3207, 0.311152, -0.232352, 0.863915)
bones/18/rotation = Quaternion(0.00184131, 0.0021688, 0.705193, 0.70901)
bones/21/rotation = Quaternion(-5.80608e-11, -0.0313417, -1.88012e-09, 0.999509)
bones/24/rotation = Quaternion(0.991105, 0.0832722, 0.0775579, 0.0689962)
bones/25/rotation = Quaternion(0.347327, 6.36724e-08, -2.48944e-07, 0.937744)
bones/26/rotation = Quaternion(-0.59651, -0.203544, 0.0681764, 0.773368)
bones/27/rotation = Quaternion(-9.74065e-09, 0.920355, -0.391084, 7.8309e-08)
bones/28/rotation = Quaternion(0.99331, -0.0322572, 0.0302606, 0.106671)
bones/29/rotation = Quaternion(0.396815, -6.03325e-08, 2.7732e-07, 0.917899)
bones/30/rotation = Quaternion(-0.624624, 0.113216, -0.0193502, 0.772433)
bones/31/rotation = Quaternion(3.03591e-08, 0.920355, -0.391084, -6.95338e-08)
bones/32/rotation = Quaternion(0.707107, -2.29302e-07, -4.60552e-08, 0.707107)
bones/33/rotation = Quaternion(-0.707107, -7.05285e-08, -7.05285e-08, 0.707107)
bones/34/rotation = Quaternion(9.65792e-09, 1.77955e-09, 0.985719, -0.168398)
bones/35/position = Vector3(-2.60494e-08, 0.213436, -5.1715e-09)
bones/35/rotation = Quaternion(-1.01273e-07, 0.391084, 0.920355, -3.35091e-08)
bones/39/rotation = Quaternion(0.707107, -3.82385e-08, 1.45009e-07, 0.707107)
bones/40/rotation = Quaternion(-0.707107, -7.05285e-08, -7.05285e-08, 0.707107)
bones/41/rotation = Quaternion(-5.83589e-09, 6.43837e-10, 0.994809, 0.101756)
bones/42/rotation = Quaternion(-1.05796e-07, 0.391084, 0.920355, -2.58643e-08)
bones/46/rotation = Quaternion(-0.707107, -7.27951e-08, -7.27951e-08, 0.707107)
bones/47/position = Vector3(0.520841, 0.78017, -0.0576374)
bones/47/rotation = Quaternion(0.794627, -1.2666e-07, 0.607098, -5.96046e-08)
bones/48/rotation = Quaternion(-0.707107, -7.27951e-08, -7.27951e-08, 0.707107)
bones/49/position = Vector3(-0.510844, 0.78017, 0.0597369)
bones/49/rotation = Quaternion(0.758253, 1.82539e-07, -0.651961, 1.11759e-08)

[node name="1H_Sword_Offhand" parent="Graphics/Kngiht/Rig/Skeleton3D" index="0"]
transform = Transform3D(-2.69903e-07, 0.262864, 0.964833, 0.999981, -0.00595954, 0.00162491, 0.0061775, 0.964814, -0.262858, 0.511966, 0.628751, -0.00100825)

[node name="Badge_Shield" parent="Graphics/Kngiht/Rig/Skeleton3D" index="1"]
transform = Transform3D(-2.47484e-07, 0.262863, 0.964833, 0.999981, -0.00596207, 0.00162558, 0.00618012, 0.964814, -0.262858, 0.662369, 0.629004, -0.0419839)

[node name="Rectangle_Shield" parent="Graphics/Kngiht/Rig/Skeleton3D" index="2"]
transform = Transform3D(-2.47484e-07, 0.262863, 0.964833, 0.999981, -0.00596207, 0.00162558, 0.00618012, 0.964814, -0.262858, 0.662369, 0.629004, -0.0419839)

[node name="Round_Shield" parent="Graphics/Kngiht/Rig/Skeleton3D" index="3"]
transform = Transform3D(-2.47484e-07, 0.262863, 0.964833, 0.999981, -0.00596207, 0.00162558, 0.00618012, 0.964814, -0.262858, 0.662369, 0.629004, -0.0419839)

[node name="Spike_Shield" parent="Graphics/Kngiht/Rig/Skeleton3D" index="4"]
transform = Transform3D(-2.47484e-07, 0.262863, 0.964833, 0.999981, -0.00596207, 0.00162558, 0.00618012, 0.964814, -0.262858, 0.662369, 0.629004, -0.0419839)

[node name="1H_Sword" parent="Graphics/Kngiht/Rig/Skeleton3D" index="5"]
transform = Transform3D(-0.0012813, -0.155497, 0.987835, 0.999985, -0.0053979, 0.000446371, 0.00526316, 0.987821, 0.155501, -0.495723, 0.633205, 0.140601)

[node name="2H_Sword" parent="Graphics/Kngiht/Rig/Skeleton3D" index="6"]
transform = Transform3D(-0.00128131, -0.155497, 0.987835, 0.999985, -0.00539792, 0.000446385, 0.00526318, 0.987821, 0.155501, -0.495723, 0.633205, 0.140601)

[node name="Knight_Helmet" parent="Graphics/Kngiht/Rig/Skeleton3D" index="7"]
transform = Transform3D(0.99972, -1.40145e-09, 0.0236468, 1.39343e-09, 1, 3.55687e-10, -0.0236468, -3.22638e-10, 0.99972, 4.69869e-07, 1.18642, -1.19779e-07)

[node name="Knight_Cape" parent="Graphics/Kngiht/Rig/Skeleton3D" index="8"]
transform = Transform3D(0.996275, -5.14962e-09, 0.0862354, 5.13044e-09, 1, 4.44078e-10, -0.0862354, 1.46374e-15, 0.996275, -1.63022e-08, 1.18642, -1.40136e-07)

[node name="CameraHolder" type="Node3D" parent="."]
transform = Transform3D(0.707107, -0.5, -0.5, 0, 0.707107, -0.707107, 0.707107, 0.5, 0.5, 0, 0, 0)
top_level = true

[node name="Camera3D" type="Camera3D" parent="CameraHolder"]
unique_name_in_owner = true
transform = Transform3D(-1, 0, -8.74228e-08, 0, 1, 0, 8.74228e-08, 0, -1, 0, 0, -15)
fov = 70.0
size = 12.047

[editable path="Graphics/Kngiht"]
