[gd_scene load_steps=4 format=3 uid="uid://byej5l577lyav"]

[ext_resource type="Script" path="res://scripts/player.gd" id="1_rfufi"]
[ext_resource type="PackedScene" uid="uid://cflod58mi5860" path="res://assets/knight_base.tscn" id="2_e30l4"]

[sub_resource type="CapsuleShape3D" id="CapsuleShape3D_6o5t6"]
height = 2.29296

[node name="Player" type="CharacterBody3D"]
script = ExtResource("1_rfufi")
movement_speed = 6.0
rotation_speed = 10.0
camera_speed = 3.0

[node name="CollisionShape3D" type="CollisionShape3D" parent="."]
transform = Transform3D(1, 0, 0, 0, 1, 0, 0, 0, 1, 0, 1.14111, 0)
shape = SubResource("CapsuleShape3D_6o5t6")

[node name="Graphics" type="Node3D" parent="."]

[node name="Knight" parent="Graphics" instance=ExtResource("2_e30l4")]

[node name="Skeleton3D" parent="Graphics/Knight/Rig" index="0"]
bones/0/position = Vector3(0, 0.0410319, 0)
bones/1/position = Vector3(0, 0.433833, 0)
bones/1/rotation = Quaternion(0.0958458, -1.1866e-07, 1.14257e-08, 0.995396)
bones/2/rotation = Quaternion(0.112419, 0.11714, -0.00921914, 0.986689)
bones/3/rotation = Quaternion(0.0421336, 0.00193615, 0.00996063, 0.999061)
bones/4/position = Vector3(0.21071, 0.123943, -0.0487309)
bones/4/rotation = Quaternion(-0.73226, -0.216574, -0.578294, 0.287173)
bones/5/rotation = Quaternion(1.17064e-08, -3.26654e-08, -0.566573, 0.824012)
bones/7/rotation = Quaternion(-0.124118, -0.314162, -0.217954, 0.915638)
bones/8/position = Vector3(-1.18374e-07, 0.0961251, -0.0575)
bones/8/rotation = Quaternion(-0.0545054, 0.0545054, -0.539162, 0.838667)
bones/14/position = Vector3(-0.187674, 0.112409, -0.0425085)
bones/14/rotation = Quaternion(-0.856896, 0.0992902, 0.347277, 0.36779)
bones/15/rotation = Quaternion(-2.05742e-08, 6.35442e-08, 0.491406, 0.870931)
bones/17/rotation = Quaternion(-0.21931, 0.33227, 0.330588, 0.855694)
bones/18/position = Vector3(5.87698e-08, 0.0961251, -0.0575)
bones/18/rotation = Quaternion(-0.0545054, -0.0545054, 0.539162, 0.838667)
bones/21/rotation = Quaternion(-0.129774, -0.106992, 0.00654387, 0.985733)
bones/24/position = Vector3(0.170945, 0.113587, 0.0794098)
bones/24/rotation = Quaternion(0.938059, -6.1158e-08, -6.22773e-09, 0.346476)
bones/25/rotation = Quaternion(0.0902861, 6.87615e-08, -6.27007e-08, 0.995916)
bones/26/rotation = Quaternion(-0.518825, 1.58929e-08, -7.50312e-08, 0.854881)
bones/27/rotation = Quaternion(-3.04791e-08, 0.920355, -0.391084, 6.94849e-08)
bones/28/position = Vector3(-0.170945, 0.113587, -0.0794098)
bones/28/rotation = Quaternion(0.999821, 2.92938e-07, 2.3116e-08, 0.0189305)
bones/29/rotation = Quaternion(0.640449, -5.30255e-08, 4.44771e-07, 0.768001)
bones/30/rotation = Quaternion(-0.180478, 1.70086e-07, -2.85757e-07, 0.983579)
bones/31/rotation = Quaternion(3.04791e-08, 0.920355, -0.391084, -6.94848e-08)
bones/32/position = Vector3(0.170945, 0.310246, 0.593749)
bones/33/position = Vector3(0.170945, 0.260612, 0.540201)
bones/33/rotation = Quaternion(-0.89855, -4.09526e-08, -9.24449e-08, 0.438871)
bones/34/rotation = Quaternion(7.54953e-15, -1.38321e-22, 1, 4.44089e-16)
bones/35/position = Vector3(3.75294e-09, 0.213436, 0)
bones/35/rotation = Quaternion(-1.04035e-07, 0.391084, 0.920355, -2.95261e-08)
bones/36/position = Vector3(-6.31128e-09, 0.16565, -5.09137e-09)
bones/37/rotation = Quaternion(1, -1.33227e-15, 1.94707e-07, 0)
bones/39/position = Vector3(-0.170945, 0.310246, 0.593748)
bones/40/position = Vector3(-0.170945, 0.130731, -0.449031)
bones/40/rotation = Quaternion(0.188389, -1.03331e-07, 2.41647e-08, 0.982094)
bones/41/position = Vector3(1.94581e-08, 0.362833, 5.96046e-08)
bones/41/rotation = Quaternion(7.10544e-15, -1.38321e-22, 1, -2.22045e-16)
bones/42/position = Vector3(3.75294e-09, 0.213436, 2.14539e-08)
bones/42/rotation = Quaternion(-1.04035e-07, 0.391084, 0.920355, -2.9526e-08)
bones/43/position = Vector3(-6.31128e-09, 0.16565, 2.282e-08)
bones/44/rotation = Quaternion(1, 4.44087e-16, 1.94707e-07, 1.54616e-29)
bones/46/position = Vector3(0.453508, 0.906761, -0.688859)
bones/47/position = Vector3(0.513182, 0.826188, 0.12852)
bones/47/rotation = Quaternion(0.665723, 0.45167, 0.544053, 0.238354)
bones/48/position = Vector3(-0.453507, 0.906761, -0.68886)
bones/49/position = Vector3(-0.513182, 0.826188, 0.12852)
bones/49/rotation = Quaternion(0.665723, -0.451671, -0.544053, 0.238354)

[node name="1H_Sword_Offhand" parent="Graphics/Knight/Rig/Skeleton3D" index="0"]
transform = Transform3D(-0.342015, -2.61651e-05, 0.939693, 0.784934, 0.549772, 0.285704, -0.516625, 0.835314, -0.18801, 0.539443, 0.773969, 0.269629)

[node name="1H_Sword_Offhand" parent="Graphics/Knight/Rig/Skeleton3D/1H_Sword_Offhand" index="0"]
visible = false

[node name="Badge_Shield" parent="Graphics/Knight/Rig/Skeleton3D" index="1"]
transform = Transform3D(-0.342016, -2.54922e-05, 0.939693, 0.784935, 0.54977, 0.285705, -0.516623, 0.835315, -0.18801, 0.685928, 0.818506, 0.240321)

[node name="Rectangle_Shield" parent="Graphics/Knight/Rig/Skeleton3D" index="2"]
transform = Transform3D(-0.342016, -2.54922e-05, 0.939693, 0.784935, 0.54977, 0.285705, -0.516623, 0.835315, -0.18801, 0.685928, 0.818506, 0.240321)

[node name="Round_Shield" parent="Graphics/Knight/Rig/Skeleton3D" index="3"]
transform = Transform3D(-0.342016, -2.54922e-05, 0.939693, 0.784935, 0.54977, 0.285705, -0.516623, 0.835315, -0.18801, 0.685928, 0.818506, 0.240321)

[node name="Spike_Shield" parent="Graphics/Knight/Rig/Skeleton3D" index="4"]
transform = Transform3D(-0.342016, -2.54922e-05, 0.939693, 0.784935, 0.54977, 0.285705, -0.516623, 0.835315, -0.18801, 0.685928, 0.818506, 0.240321)

[node name="1H_Sword" parent="Graphics/Knight/Rig/Skeleton3D" index="5"]
transform = Transform3D(0.342049, 0.000177099, 0.939681, 0.784959, 0.549671, -0.285833, -0.516566, 0.835381, 0.187875, -0.550722, 0.786233, 0.263217)

[node name="2H_Sword" parent="Graphics/Knight/Rig/Skeleton3D" index="6"]
transform = Transform3D(0.342048, 0.000177094, 0.939681, 0.784959, 0.549671, -0.285833, -0.516566, 0.835381, 0.187875, -0.550722, 0.786233, 0.263217)

[node name="Knight_Helmet" parent="Graphics/Knight/Rig/Skeleton3D" index="7"]
transform = Transform3D(0.999785, -0.00151522, 0.0206997, 0.00646681, 0.970427, -0.241308, -0.0197219, 0.24139, 0.970228, 0.0286895, 1.21715, 0.309899)

[node name="Knight_Cape" parent="Graphics/Knight/Rig/Skeleton3D" index="8"]
transform = Transform3D(0.972386, 0.0444647, 0.229105, 0.0720561, 0.876521, -0.475941, -0.221978, 0.479306, 0.849112, 0.0275149, 1.21955, 0.303824)

[node name="CameraHolder" type="Node3D" parent="."]
transform = Transform3D(0.707107, -0.5, -0.5, 0, 0.707107, -0.707107, 0.707107, 0.5, 0.5, 0, 0, 0)
top_level = true

[node name="Camera3D" type="Camera3D" parent="CameraHolder"]
unique_name_in_owner = true
transform = Transform3D(-1, 0, -8.74228e-08, 0, 1, 0, 8.74228e-08, 0, -1, 0, 0, -15)
fov = 70.0
size = 12.047

[editable path="Graphics/Knight"]
