[gd_scene load_steps=4 format=3 uid="uid://byej5l577lyav"]

[ext_resource type="Script" uid="uid://d0otngjwb7f14" path="res://scripts/player.gd" id="1_rfufi"]
[ext_resource type="PackedScene" uid="uid://cstlp3ncx213b" path="res://scenes/kngiht.tscn" id="2_4bx15"]

[sub_resource type="CapsuleShape3D" id="CapsuleShape3D_6o5t6"]
height = 2.29296

[node name="Player" type="CharacterBody3D" groups=["Player"]]
collision_mask = 5
script = ExtResource("1_rfufi")
movement_speed = 6.0
rotation_speed = 10.0
camera_speed = 3.0

[node name="CollisionShape3D" type="CollisionShape3D" parent="."]
transform = Transform3D(1, 0, 0, 0, 1, 0, 0, 0, 1, 0, 1.14111, 0)
shape = SubResource("CapsuleShape3D_6o5t6")

[node name="Graphics" type="Node3D" parent="."]

[node name="Kngiht" parent="Graphics" instance=ExtResource("2_4bx15")]

[node name="Skeleton3D" parent="Graphics/Kngiht/Rig" index="0"]
bones/1/position = Vector3(0, 0.386204, 0)
bones/1/rotation = Quaternion(-1.11123e-10, 0.0431578, 2.57241e-09, 0.999068)
bones/4/rotation = Quaternion(-0.557975, -0.0594075, -0.641305, 0.523319)
bones/5/rotation = Quaternion(1.66963e-08, -5.04066e-08, -0.502376, 0.864649)
bones/7/rotation = Quaternion(-0.321473, -0.329015, 0.14783, 0.875529)
bones/8/rotation = Quaternion(0.000211196, 0.000211179, -0.706331, 0.707882)
bones/14/rotation = Quaternion(-0.61632, 0.0794234, 0.615867, 0.484303)
bones/15/rotation = Quaternion(3.02159e-08, 5.57621e-08, 0.525315, 0.850908)
bones/17/rotation = Quaternion(-0.319922, 0.304583, -0.229637, 0.867264)
bones/18/rotation = Quaternion(0.000610314, 0.000718858, 0.706474, 0.707739)
bones/21/rotation = Quaternion(-5.80608e-11, -0.0313417, -1.88012e-09, 0.999509)
bones/24/rotation = Quaternion(0.993, 0.0832005, 0.0753536, 0.0367565)
bones/25/rotation = Quaternion(0.262824, 6.48719e-08, -1.83335e-07, 0.964844)
bones/26/rotation = Quaternion(-0.5525, -0.207293, 0.0540668, 0.805512)
bones/27/rotation = Quaternion(-9.74065e-09, 0.920355, -0.391084, 7.8309e-08)
bones/28/rotation = Quaternion(0.99592, -0.0305583, 0.0310084, 0.0790401)
bones/29/rotation = Quaternion(0.325444, -6.2648e-08, 2.26467e-07, 0.945561)
bones/30/rotation = Quaternion(-0.586408, 0.114109, -0.0129686, 0.801833)
bones/31/rotation = Quaternion(3.03591e-08, 0.920355, -0.391084, -6.95338e-08)
bones/32/rotation = Quaternion(0.707107, -2.29302e-07, -4.60552e-08, 0.707107)
bones/33/rotation = Quaternion(-0.707107, -7.05285e-08, -7.05285e-08, 0.707107)
bones/34/rotation = Quaternion(9.65792e-09, 1.77955e-09, 0.985719, -0.168398)
bones/35/position = Vector3(-2.60494e-08, 0.213436, -5.1715e-09)
bones/35/rotation = Quaternion(-1.01273e-07, 0.391084, 0.920355, -3.35091e-08)
bones/39/rotation = Quaternion(0.707107, -3.82385e-08, 1.45009e-07, 0.707107)
bones/40/rotation = Quaternion(-0.707107, -7.05285e-08, -7.05285e-08, 0.707107)
bones/41/rotation = Quaternion(-5.83589e-09, 6.43837e-10, 0.994809, 0.101756)
bones/42/rotation = Quaternion(-1.05796e-07, 0.391084, 0.920355, -2.58643e-08)
bones/46/rotation = Quaternion(-0.707107, -7.27951e-08, -7.27951e-08, 0.707107)
bones/47/position = Vector3(0.520841, 0.785565, -0.0576374)
bones/47/rotation = Quaternion(0.794627, -1.2666e-07, 0.607098, -5.96046e-08)
bones/48/rotation = Quaternion(-0.707107, -7.27951e-08, -7.27951e-08, 0.707107)
bones/49/position = Vector3(-0.510844, 0.785565, 0.0597369)
bones/49/rotation = Quaternion(0.758253, 1.82539e-07, -0.651961, 1.11759e-08)

[node name="1H_Sword_Offhand" parent="Graphics/Kngiht/Rig/Skeleton3D" index="0"]
transform = Transform3D(9.39533e-08, 0.262862, 0.964833, 0.999997, -0.00219169, 0.000597981, 0.00227223, 0.96483, -0.262861, 0.512143, 0.634107, -0.0016382)

[node name="Badge_Shield" parent="Graphics/Kngiht/Rig/Skeleton3D" index="1"]
transform = Transform3D(1.16369e-07, 0.262862, 0.964833, 0.999997, -0.00219422, 0.000598648, 0.00227486, 0.96483, -0.262861, 0.662546, 0.6342, -0.0426143)

[node name="Rectangle_Shield" parent="Graphics/Kngiht/Rig/Skeleton3D" index="2"]
transform = Transform3D(1.16369e-07, 0.262862, 0.964833, 0.999997, -0.00219422, 0.000598648, 0.00227486, 0.96483, -0.262861, 0.662546, 0.6342, -0.0426143)

[node name="Round_Shield" parent="Graphics/Kngiht/Rig/Skeleton3D" index="3"]
transform = Transform3D(1.16369e-07, 0.262862, 0.964833, 0.999997, -0.00219422, 0.000598648, 0.00227486, 0.96483, -0.262861, 0.662546, 0.6342, -0.0426143)

[node name="Spike_Shield" parent="Graphics/Kngiht/Rig/Skeleton3D" index="4"]
transform = Transform3D(1.16369e-07, 0.262862, 0.964833, 0.999997, -0.00219422, 0.000598648, 0.00227486, 0.96483, -0.262861, 0.662546, 0.6342, -0.0426143)

[node name="1H_Sword" parent="Graphics/Kngiht/Rig/Skeleton3D" index="5"]
transform = Transform3D(-0.000424409, -0.151747, 0.988419, 0.999998, -0.00178403, 0.00015449, 0.00174025, 0.988417, 0.151747, -0.495908, 0.638507, 0.139989)

[node name="2H_Sword" parent="Graphics/Kngiht/Rig/Skeleton3D" index="6"]
transform = Transform3D(-0.000424425, -0.151747, 0.988419, 0.999998, -0.00178404, 0.000154504, 0.00174026, 0.988417, 0.151747, -0.495908, 0.638507, 0.139989)

[node name="Knight_Helmet" parent="Graphics/Kngiht/Rig/Skeleton3D" index="7"]
transform = Transform3D(0.99972, -1.40145e-09, 0.0236468, 1.39343e-09, 1, 3.55687e-10, -0.0236468, -3.22638e-10, 0.99972, 4.69869e-07, 1.19643, -1.19779e-07)

[node name="Knight_Cape" parent="Graphics/Kngiht/Rig/Skeleton3D" index="8"]
transform = Transform3D(0.996275, -5.14962e-09, 0.0862354, 5.13044e-09, 1, 4.44078e-10, -0.0862354, 1.46374e-15, 0.996275, -1.63022e-08, 1.19643, -1.40136e-07)

[node name="CameraHolder" type="Node3D" parent="."]
transform = Transform3D(-1, -6.18173e-08, -6.18173e-08, 0, 0.707107, -0.707107, 8.74228e-08, -0.707107, -0.707107, 0, 0, 0)
top_level = true

[node name="Camera3D" type="Camera3D" parent="CameraHolder"]
unique_name_in_owner = true
transform = Transform3D(-1, 0, -8.74228e-08, 0, 1, 0, 8.74228e-08, 0, -1, 0, 1, -17)
fov = 50.0
size = 12.047

[editable path="Graphics/Kngiht"]
