[gd_scene load_steps=4 format=3 uid="uid://byej5l577lyav"]

[ext_resource type="Script" uid="uid://d0otngjwb7f14" path="res://scripts/player.gd" id="1_rfufi"]
[ext_resource type="PackedScene" uid="uid://cstlp3ncx213b" path="res://scenes/kngiht.tscn" id="2_4bx15"]

[sub_resource type="CapsuleShape3D" id="CapsuleShape3D_6o5t6"]
height = 2.29296

[node name="Player" type="CharacterBody3D" groups=["Player"]]
collision_mask = 5
script = ExtResource("1_rfufi")
movement_speed = 6.0
rotation_speed = 10.0
camera_speed = 3.0

[node name="CollisionShape3D" type="CollisionShape3D" parent="."]
transform = Transform3D(1, 0, 0, 0, 1, 0, 0, 0, 1, 0, 1.14111, 0)
shape = SubResource("CapsuleShape3D_6o5t6")

[node name="Graphics" type="Node3D" parent="."]

[node name="Kngiht" parent="Graphics" instance=ExtResource("2_4bx15")]

[node name="Skeleton3D" parent="Graphics/Kngiht/Rig" index="0"]
bones/1/position = Vector3(0, 0.377747, 0)
bones/4/rotation = Quaternion(-0.55172, -0.0624878, -0.656354, 0.510784)
bones/5/rotation = Quaternion(1.10605e-08, -5.34112e-08, -0.477813, 0.878462)
bones/7/rotation = Quaternion(-0.316734, -0.330214, 0.134566, 0.878937)
bones/8/rotation = Quaternion(0.00166638, 0.00166638, -0.700962, 0.713195)
bones/14/rotation = Quaternion(-0.611205, 0.0826278, 0.629317, 0.472823)
bones/15/rotation = Quaternion(3.59913e-08, 4.84242e-08, 0.501812, 0.864977)
bones/17/rotation = Quaternion(-0.315392, 0.304396, -0.216305, 0.872401)
bones/18/rotation = Quaternion(0.00431277, 0.00507981, 0.702607, 0.711547)
bones/24/rotation = Quaternion(0.991428, 0.0832053, 0.0772646, 0.0646282)
bones/25/rotation = Quaternion(0.335823, 5.70612e-08, -2.37635e-07, 0.941925)
bones/26/rotation = Quaternion(-0.590499, -0.20413, 0.0661752, 0.777986)
bones/28/rotation = Quaternion(0.993724, -0.0320035, 0.0303679, 0.102794)
bones/29/rotation = Quaternion(0.386773, -6.09169e-08, 2.70649e-07, 0.922175)
bones/30/rotation = Quaternion(-0.61922, 0.113369, -0.0184231, 0.776772)
bones/47/position = Vector3(0.520841, 0.767902, -0.0576374)
bones/49/position = Vector3(-0.510844, 0.767902, 0.0597369)

[node name="1H_Sword_Offhand" parent="Graphics/Kngiht/Rig/Skeleton3D" index="0"]
transform = Transform3D(1.89915e-06, 0.262864, 0.964832, 0.999839, -0.0173011, 0.00471264, 0.017932, 0.964677, -0.262822, 0.51182, 0.61451, -0.00344338)

[node name="Badge_Shield" parent="Graphics/Kngiht/Rig/Skeleton3D" index="1"]
transform = Transform3D(1.92157e-06, 0.262864, 0.964833, 0.999839, -0.0173036, 0.00471331, 0.0179346, 0.964677, -0.262821, 0.662223, 0.615245, -0.0444133)

[node name="Rectangle_Shield" parent="Graphics/Kngiht/Rig/Skeleton3D" index="2"]
transform = Transform3D(1.92157e-06, 0.262864, 0.964833, 0.999839, -0.0173036, 0.00471331, 0.0179346, 0.964677, -0.262821, 0.662223, 0.615245, -0.0444133)

[node name="Round_Shield" parent="Graphics/Kngiht/Rig/Skeleton3D" index="3"]
transform = Transform3D(1.92157e-06, 0.262864, 0.964833, 0.999839, -0.0173036, 0.00471331, 0.0179346, 0.964677, -0.262821, 0.662223, 0.615245, -0.0444133)

[node name="Spike_Shield" parent="Graphics/Kngiht/Rig/Skeleton3D" index="4"]
transform = Transform3D(1.92157e-06, 0.262864, 0.964833, 0.999839, -0.0173036, 0.00471331, 0.0179346, 0.964677, -0.262821, 0.662223, 0.615245, -0.0444133)

[node name="1H_Sword" parent="Graphics/Kngiht/Rig/Skeleton3D" index="5"]
transform = Transform3D(-0.00305008, -0.162995, 0.986622, 0.999919, -0.0126482, 0.00100062, 0.0123162, 0.986545, 0.16302, -0.49629, 0.618488, 0.138152)

[node name="2H_Sword" parent="Graphics/Kngiht/Rig/Skeleton3D" index="6"]
transform = Transform3D(-0.0030501, -0.162995, 0.986622, 0.999919, -0.0126482, 0.00100063, 0.0123162, 0.986545, 0.16302, -0.49629, 0.618488, 0.138152)

[node name="Knight_Helmet" parent="Graphics/Kngiht/Rig/Skeleton3D" index="7"]
transform = Transform3D(0.99972, -1.40145e-09, 0.0236468, 1.39343e-09, 1, 3.55687e-10, -0.0236468, -3.22638e-10, 0.99972, 4.69869e-07, 1.18798, -1.19779e-07)

[node name="Knight_Cape" parent="Graphics/Kngiht/Rig/Skeleton3D" index="8"]
transform = Transform3D(0.996275, -5.14962e-09, 0.0862354, 5.13044e-09, 1, 4.44078e-10, -0.0862354, 1.46374e-15, 0.996275, -1.63022e-08, 1.18797, -1.40136e-07)

[node name="CameraHolder" type="Node3D" parent="."]
transform = Transform3D(0.707107, -0.5, -0.5, 0, 0.707107, -0.707107, 0.707107, 0.5, 0.5, 0, 0, 0)
top_level = true

[node name="Camera3D" type="Camera3D" parent="CameraHolder"]
unique_name_in_owner = true
transform = Transform3D(-1, 0, -8.74228e-08, 0, 1, 0, 8.74228e-08, 0, -1, 0, 0, -15)
fov = 70.0
size = 12.047

[editable path="Graphics/Kngiht"]
