[gd_scene load_steps=4 format=3 uid="uid://byej5l577lyav"]

[ext_resource type="Script" uid="uid://d0otngjwb7f14" path="res://scripts/player.gd" id="1_rfufi"]
[ext_resource type="PackedScene" uid="uid://cstlp3ncx213b" path="res://scenes/kngiht.tscn" id="2_4bx15"]

[sub_resource type="CapsuleShape3D" id="CapsuleShape3D_6o5t6"]
height = 2.29296

[node name="Player" type="CharacterBody3D" groups=["Player"]]
collision_mask = 5
script = ExtResource("1_rfufi")
movement_speed = 6.0
rotation_speed = 10.0
camera_speed = 3.0

[node name="CollisionShape3D" type="CollisionShape3D" parent="."]
transform = Transform3D(1, 0, 0, 0, 1, 0, 0, 0, 1, 0, 1.14111, 0)
shape = SubResource("CapsuleShape3D_6o5t6")

[node name="Graphics" type="Node3D" parent="."]

[node name="Kngiht" parent="Graphics" instance=ExtResource("2_4bx15")]

[node name="Skeleton3D" parent="Graphics/Kngiht/Rig" index="0"]
bones/1/position = Vector3(0, 0.372424, 0)
bones/4/rotation = Quaternion(-0.552946, -0.0567177, -0.637208, 0.533854)
bones/5/rotation = Quaternion(3.15037e-08, -5.58644e-08, -0.515786, 0.856718)
bones/7/rotation = Quaternion(-0.321807, -0.337187, 0.150587, 0.871819)
bones/8/rotation = Quaternion(0.000762544, 0.000762536, -0.704302, 0.7099)
bones/14/rotation = Quaternion(-0.611413, 0.0771678, 0.612764, 0.494712)
bones/15/rotation = Quaternion(1.85586e-08, 4.94094e-08, 0.538144, 0.842853)
bones/17/rotation = Quaternion(-0.320775, 0.313403, -0.232737, 0.862969)
bones/18/rotation = Quaternion(0.00242419, 0.00285534, 0.704585, 0.70961)
bones/24/rotation = Quaternion(0.990287, 0.0834897, 0.0782255, 0.0790109)
bones/25/rotation = Quaternion(0.373739, 6.27182e-08, -2.57905e-07, 0.927534)
bones/26/rotation = Quaternion(-0.610334, -0.202099, 0.0728634, 0.762456)
bones/28/rotation = Quaternion(0.992291, -0.0328639, 0.0300085, 0.115665)
bones/29/rotation = Quaternion(0.420122, -6.0379e-08, 2.92814e-07, 0.907468)
bones/30/rotation = Quaternion(-0.637197, 0.112827, -0.0215387, 0.762093)
bones/47/position = Vector3(0.520841, 0.777598, -0.0576374)
bones/49/position = Vector3(-0.510844, 0.777598, 0.0597369)

[node name="1H_Sword_Offhand" parent="Graphics/Kngiht/Rig/Skeleton3D" index="0"]
transform = Transform3D(7.17532e-07, 0.262864, 0.964832, 0.999966, -0.00791814, 0.0021573, 0.00820723, 0.9648, -0.262855, 0.51189, 0.626133, -0.000866221)

[node name="Badge_Shield" parent="Graphics/Kngiht/Rig/Skeleton3D" index="1"]
transform = Transform3D(7.39953e-07, 0.262864, 0.964832, 0.999966, -0.00792068, 0.00215797, 0.00820985, 0.9648, -0.262854, 0.662293, 0.626469, -0.0418413)

[node name="Rectangle_Shield" parent="Graphics/Kngiht/Rig/Skeleton3D" index="2"]
transform = Transform3D(7.39953e-07, 0.262864, 0.964832, 0.999966, -0.00792068, 0.00215797, 0.00820985, 0.9648, -0.262854, 0.662293, 0.626469, -0.0418413)

[node name="Round_Shield" parent="Graphics/Kngiht/Rig/Skeleton3D" index="3"]
transform = Transform3D(7.39953e-07, 0.262864, 0.964832, 0.999966, -0.00792068, 0.00215797, 0.00820985, 0.9648, -0.262854, 0.662293, 0.626469, -0.0418413)

[node name="Spike_Shield" parent="Graphics/Kngiht/Rig/Skeleton3D" index="4"]
transform = Transform3D(7.39953e-07, 0.262864, 0.964832, 0.999966, -0.00792068, 0.00215797, 0.00820985, 0.9648, -0.262854, 0.662293, 0.626469, -0.0418413)

[node name="1H_Sword" parent="Graphics/Kngiht/Rig/Skeleton3D" index="5"]
transform = Transform3D(-0.00169584, -0.157265, 0.987554, 0.999974, -0.00710893, 0.000583978, 0.00692906, 0.98753, 0.157273, -0.495672, 0.630589, 0.140737)

[node name="2H_Sword" parent="Graphics/Kngiht/Rig/Skeleton3D" index="6"]
transform = Transform3D(-0.00169585, -0.157265, 0.987554, 0.999974, -0.00710894, 0.000583992, 0.00692907, 0.98753, 0.157273, -0.495672, 0.630589, 0.140737)

[node name="Knight_Helmet" parent="Graphics/Kngiht/Rig/Skeleton3D" index="7"]
transform = Transform3D(0.99972, -1.40145e-09, 0.0236468, 1.39343e-09, 1, 3.55687e-10, -0.0236468, -3.22638e-10, 0.99972, 4.69869e-07, 1.18265, -1.19779e-07)

[node name="Knight_Cape" parent="Graphics/Kngiht/Rig/Skeleton3D" index="8"]
transform = Transform3D(0.996275, -5.14962e-09, 0.0862354, 5.13044e-09, 1, 4.44078e-10, -0.0862354, 1.46374e-15, 0.996275, -1.63022e-08, 1.18265, -1.40136e-07)

[node name="CameraHolder" type="Node3D" parent="."]
transform = Transform3D(-1, -6.18173e-08, -6.18173e-08, 0, 0.707107, -0.707107, 8.74228e-08, -0.707107, -0.707107, 0, 0, 0)
top_level = true

[node name="Camera3D" type="Camera3D" parent="CameraHolder"]
unique_name_in_owner = true
transform = Transform3D(-1, 0, -8.74228e-08, 0, 1, 0, 8.74228e-08, 0, -1, 0, 1, -17)
fov = 50.0
size = 12.047

[editable path="Graphics/Kngiht"]
