[gd_scene load_steps=8 format=3 uid="uid://cflod58mi5860"]

[ext_resource type="PackedScene" uid="uid://neemt1s1ycrn" path="res://assets/Knight.glb" id="1_o6y08"]

[sub_resource type="AnimationNodeAnimation" id="AnimationNodeAnimation_urutn"]
animation = &"Dodge_Forward"

[sub_resource type="AnimationNodeAnimation" id="AnimationNodeAnimation_62mqg"]
animation = &"Idle"

[sub_resource type="AnimationNodeAnimation" id="AnimationNodeAnimation_twj73"]
animation = &"Running_A"

[sub_resource type="AnimationNodeOneShot" id="AnimationNodeOneShot_g886m"]
fadein_time = 0.1
fadeout_time = 0.1

[sub_resource type="AnimationNodeTransition" id="AnimationNodeTransition_v0mk4"]
xfade_time = 0.2
input_0/name = "Idle"
input_0/auto_advance = false
input_0/break_loop_at_end = false
input_0/reset = true
input_1/name = "Run"
input_1/auto_advance = false
input_1/break_loop_at_end = false
input_1/reset = true

[sub_resource type="AnimationNodeBlendTree" id="AnimationNodeBlendTree_4lpl5"]
graph_offset = Vector2(-418.867, 129.448)
"nodes/Anim Dash/node" = SubResource("AnimationNodeAnimation_urutn")
"nodes/Anim Dash/position" = Vector2(-120, 400)
"nodes/Anim Idle/node" = SubResource("AnimationNodeAnimation_62mqg")
"nodes/Anim Idle/position" = Vector2(-260, 120)
"nodes/Anim Run/node" = SubResource("AnimationNodeAnimation_twj73")
"nodes/Anim Run/position" = Vector2(-260, 260)
nodes/Dash/node = SubResource("AnimationNodeOneShot_g886m")
nodes/Dash/position = Vector2(260, 260)
nodes/Movement/node = SubResource("AnimationNodeTransition_v0mk4")
nodes/Movement/position = Vector2(0, 160)
node_connections = [&"Dash", 0, &"Movement", &"Dash", 1, &"Anim Dash", &"Movement", 0, &"Anim Idle", &"Movement", 1, &"Anim Run", &"output", 0, &"Dash"]

[node name="Knight" instance=ExtResource("1_o6y08")]

[node name="Skeleton3D" parent="Rig" index="0"]
bones/1/position = Vector3(0, 0.391441, 0)
bones/1/rotation = Quaternion(-1.11123e-10, 0.0431578, 2.57241e-09, 0.999068)
bones/2/rotation = Quaternion(-6.93889e-18, 7.10543e-15, 4.93038e-32, 1)
bones/3/rotation = Quaternion(8.27181e-25, 3.72529e-09, 0, 1)
bones/4/position = Vector3(0.212007, 0.134132, 7.92996e-08)
bones/4/rotation = Quaternion(-0.559706, -0.0607153, -0.643672, 0.518391)
bones/4/scale = Vector3(0.999999, 0.999999, 1)
bones/5/rotation = Quaternion(8.5864e-09, -4.49312e-08, -0.495311, 0.868716)
bones/6/rotation = Quaternion(-9.73784e-11, -2.98437e-10, 0.0266581, 0.999645)
bones/6/scale = Vector3(1, 1, 1)
bones/7/rotation = Quaternion(-0.321132, -0.325886, 0.146069, 0.877118)
bones/8/position = Vector3(8.34843e-10, 0.0961252, -0.0575)
bones/8/rotation = Quaternion(4.95316e-05, 4.95358e-05, -0.706925, 0.707289)
bones/8/scale = Vector3(1, 1, 1)
bones/14/position = Vector3(-0.212007, 0.134132, 8.6814e-08)
bones/14/rotation = Quaternion(-0.618043, 0.0805843, 0.61777, 0.479468)
bones/14/scale = Vector3(0.999999, 0.999999, 1)
bones/15/rotation = Quaternion(2.96802e-08, 4.75176e-08, 0.518505, 0.855075)
bones/16/rotation = Quaternion(-9.73784e-11, 2.98437e-10, -0.0266581, 0.999645)
bones/16/scale = Vector3(1, 1, 1)
bones/17/rotation = Quaternion(-0.319364, 0.300961, -0.227612, 0.869265)
bones/18/position = Vector3(-1.5736e-08, 0.0961251, -0.0575)
bones/18/rotation = Quaternion(0.000139117, 0.000163856, 0.706963, 0.707251)
bones/18/scale = Vector3(1, 1, 1)
bones/21/rotation = Quaternion(-5.80608e-11, -0.0313417, -1.88012e-09, 0.999509)
bones/24/position = Vector3(0.170945, 0.113587, 1.59941e-08)
bones/24/rotation = Quaternion(0.993682, 0.0836546, 0.0736635, 0.0131018)
bones/24/scale = Vector3(1, 1, 1)
bones/25/rotation = Quaternion(0.201268, 6.35563e-08, -1.33248e-07, 0.979536)
bones/26/rotation = Quaternion(-0.52051, -0.209334, 0.0445082, 0.8266)
bones/27/rotation = Quaternion(-9.74065e-09, 0.920355, -0.391084, 7.8309e-08)
bones/27/scale = Vector3(1, 1, 1)
bones/28/position = Vector3(-0.170945, 0.113587, 1.55755e-08)
bones/28/rotation = Quaternion(0.997226, -0.0295414, 0.0314884, 0.0606378)
bones/28/scale = Vector3(1, 1, 1)
bones/29/rotation = Quaternion(0.278095, -6.33847e-08, 1.95182e-07, 0.960554)
bones/30/rotation = Quaternion(-0.561211, 0.114487, -0.0089656, 0.819667)
bones/31/rotation = Quaternion(3.03591e-08, 0.920355, -0.391084, -6.95338e-08)
bones/31/scale = Vector3(1, 1, 1)
bones/32/rotation = Quaternion(0.707107, -2.29302e-07, -4.60552e-08, 0.707107)
bones/33/position = Vector3(0.202182, 0.0259903, 0.205181)
bones/33/rotation = Quaternion(-0.707107, -7.05285e-08, -7.05285e-08, 0.707107)
bones/34/rotation = Quaternion(9.65792e-09, 1.77955e-09, 0.985719, -0.168398)
bones/35/position = Vector3(-2.60494e-08, 0.213436, -5.1715e-09)
bones/35/rotation = Quaternion(-1.01273e-07, 0.391084, 0.920355, -3.35091e-08)
bones/36/position = Vector3(8.58988e-09, 0.16565, -2.40963e-09)
bones/37/rotation = Quaternion(1, -2.33136e-09, 1.99777e-07, -1.34211e-15)
bones/39/rotation = Quaternion(0.707107, -3.82385e-08, 1.45009e-07, 0.707107)
bones/40/rotation = Quaternion(-0.707107, -7.05285e-08, -7.05285e-08, 0.707107)
bones/41/rotation = Quaternion(-5.83589e-09, 6.43837e-10, 0.994809, 0.101756)
bones/42/position = Vector3(-1.11482e-08, 0.213436, -2.50942e-15)
bones/42/rotation = Quaternion(-1.05796e-07, 0.391084, 0.920355, -2.58643e-08)
bones/43/position = Vector3(-6.31128e-09, 0.16565, 2.70695e-09)
bones/43/rotation = Quaternion(-0.391084, -6.885e-08, -6.56287e-08, 0.920355)
bones/44/rotation = Quaternion(1, 3.76526e-09, 1.94879e-07, 7.45058e-09)
bones/46/rotation = Quaternion(-0.707107, -7.27951e-08, -7.27951e-08, 0.707107)
bones/47/position = Vector3(0.520841, 0.787804, -0.0576373)
bones/47/rotation = Quaternion(0.794627, -1.11759e-07, 0.607098, -5.96046e-08)
bones/48/rotation = Quaternion(-0.707107, -7.27951e-08, -7.27951e-08, 0.707107)
bones/49/position = Vector3(-0.510844, 0.787804, 0.0597369)
bones/49/rotation = Quaternion(0.758253, 1.52737e-07, -0.651961, 1.11759e-08)

[node name="1H_Sword_Offhand" parent="Rig/Skeleton3D" index="0"]
transform = Transform3D(-9.01139e-05, 0.26365, 0.964618, 0.999998, -0.00097039, 0.000359266, 0.00103114, 0.964617, -0.26365, 0.512361, 0.636404, -0.00224111)
visible = false

[node name="Badge_Shield" parent="Rig/Skeleton3D" index="1"]
transform = Transform3D(-9.00894e-05, 0.26365, 0.964618, 0.999998, -0.000972925, 0.000359933, 0.00103376, 0.964617, -0.263649, 0.66273, 0.63646, -0.0433402)
visible = false

[node name="Rectangle_Shield" parent="Rig/Skeleton3D" index="2"]
transform = Transform3D(-9.00894e-05, 0.26365, 0.964618, 0.999998, -0.000972925, 0.000359933, 0.00103376, 0.964617, -0.263649, 0.66273, 0.63646, -0.0433402)
visible = false

[node name="Round_Shield" parent="Rig/Skeleton3D" index="3"]
transform = Transform3D(-9.00894e-05, 0.26365, 0.964618, 0.999998, -0.000972925, 0.000359933, 0.00103376, 0.964617, -0.263649, 0.66273, 0.63646, -0.0433402)
visible = false

[node name="Spike_Shield" parent="Rig/Skeleton3D" index="4"]
transform = Transform3D(-9.00894e-05, 0.26365, 0.964618, 0.999998, -0.000972925, 0.000359933, 0.00103376, 0.964617, -0.263649, 0.66273, 0.63646, -0.0433402)
visible = false

[node name="1H_Sword" parent="Rig/Skeleton3D" index="5"]
transform = Transform3D(7.08451e-05, -0.150725, 0.988575, 0.999999, -0.000772764, -0.000189872, 0.000792801, 0.988575, 0.150725, -0.496195, 0.640698, 0.139407)
visible = false

[node name="2H_Sword" parent="Rig/Skeleton3D" index="6"]
transform = Transform3D(7.08293e-05, -0.150725, 0.988575, 0.999999, -0.000772779, -0.000189859, 0.000792814, 0.988575, 0.150725, -0.496195, 0.640698, 0.139407)
visible = false

[node name="Knight_Helmet" parent="Rig/Skeleton3D" index="7"]
transform = Transform3D(0.99972, -1.40143e-09, 0.0236466, 1.39341e-09, 1, 3.55686e-10, -0.0236466, -3.22637e-10, 0.99972, 4.69869e-07, 1.20167, -1.19779e-07)

[node name="Knight_Cape" parent="Rig/Skeleton3D" index="8"]
transform = Transform3D(0.996275, -5.14962e-09, 0.0862353, 5.13043e-09, 1, 4.44077e-10, -0.0862353, 1.88007e-15, 0.996275, -1.63023e-08, 1.20167, -1.40136e-07)
visible = false

[node name="AnimationTree" type="AnimationTree" parent="." index="2"]
tree_root = SubResource("AnimationNodeBlendTree_4lpl5")
anim_player = NodePath("../AnimationPlayer")
parameters/Dash/active = false
parameters/Dash/internal_active = false
parameters/Dash/request = 0
parameters/Movement/current_state = "Idle"
parameters/Movement/transition_request = ""
parameters/Movement/current_index = 0
